38.814
39.978
44.135
33.057
42.998
28.760
50.546
59.201
36.276
48.554
54.692
56.048
74.583
106.206
91.107
68.126
79.861
110.683
41.052
40.810
89.630
80.617
66.114
87.391
85.949
86.936
94.160
106.599
88.547
110.519
31.264
34.215
-1
50.288
112.989
42.525
44.779
45.114
50.072
45.295
47.608
51.736
51.873
43.904
43.141
60.225
97.548
59.557
92.051
160.472
89.425
93.387
43.564
60.286
59.425
32.575
66.401
38.784
41.129
-1
191.736
159.362
88.987
75.449
96.848
100.012
102.243
48.654
55.530
61.252
47.034
45.602
-1
-1
-1
-1
-1
-1
-1
-1
52.883
87.858
51.948
63.340
58.163
38.635
82.809
71.799
-1
47.483
96.748
39.619
46.997
44.717
98.960
111.292
87.383
76.254
59.892
114.460
91.204
65.500
52.108
68.163
75.073
63.578
29.175
99.714
93.066
90.374
81.680
129.121
114.473
35.040
40.573
64.162
55.486
44.738
127.166
62.182
52.221
68.848
79.783
140.440
48.988
37.073
36.637
46.039
36.305
70.818
51.613
54.524
32.122
106.969
136.870
177.921
65.997
42.937
32.307
50.703
29.751
35.795
33.358
75.732
65.567
36.522
48.461
40.948
46.535
35.059
33.587
106.911
47.747
84.108
52.367
37.102
40.130
58.189
57.982
42.382
67.776
72.013
42.421
54.715
39.257
65.500
62.163
55.249
43.481
35.489
36.120
48.245
40.961
25.273
81.057
59.808
73.341
91.198
44.238
40.571
58.932
85.545
47.387
47.758
58.545
46.239
47.631
43.245
68.588
78.397
57.867
53.405
62.674
-1
-1
86.884
99.605
49.889
52.584
36.989
54.673
44.869
31.760
55.808
49.303
40.114
37.388
34.199
38.389
55.232
-1
-1
75.662
66.505
42.740
77.111
69.417
63.783
66.974
47.993
94.469
53.609
72.672
65.266
72.023
175.101
72.778
79.681
45.227
90.501
55.471
42.080
110.143
-1
62.639
191.163
84.458
42.199
45.810
29.713
186.209
76.878
101.141
-1
41.101
51.564
72.800
96.721
42.093
48.960
48.336
36.850
40.977
25.367
39.898
32.776
92.164
92.867
87.363
51.400
-1
40.294
66.718
297.582
112.671
250.435
76.341
37.592
76.114
44.745
62.449
59.382
50.704
63.509
113.437
84.182
91.328
97.511
77.812
79.773
56.994
27.451
53.093
58.550
85.221
120.801
57.830
47.872
65.914
72.939
56.416
86.004
64.777
89.003
80.868
69.369
42.894
62.698
62.643
47.861
38.395
67.443
85.479
109.973
104.333
76.891
-1
65.964
59.002
56.945
54.717
112.420
48.415
59.164
59.299
65.473
69.369
69.694
65.421
57.253
33.680
61.235
257.959
64.439
65.622
69.317
86.871
89.747
69.516
73.669
50.368
133.896
122.800
126.744
76.459
122.515
61.849
80.317
56.793
78.185
143.908
89.440
94.014
91.089
73.626
63.488
36.719
55.347
32.216
49.201
86.777
33.707
33.999
45.552
77.110
59.684
59.550
56.082
60.224
46.662
50.507
93.371
90.024
51.913
51.067
37.855
64.619
67.911
48.120
59.087
68.319
72.811
67.000
52.484
38.309
63.244
78.251
72.067
55.694
81.074
77.566
114.814
72.413
35.507
63.895
61.896
30.768
69.278
54.967
40.666
46.057
90.359
131.437
57.640
39.558
36.044
118.785
122.224
110.304
76.974
62.414
62.716
50.526
30.890
32.711
39.213
27.075
32.923
72.500
-1
65.859
51.231
44.709
90.100
92.169
94.541
79.158
32.190
101.084
88.324
41.049
74.158
44.927
39.001
-1
-1
-1
-1
60.028
102.159
55.991
57.497
67.101
102.068
97.205
49.343
52.686
128.799
66.840
134.014
119.065
66.524
78.884
74.819
57.308
41.933
43.221
36.284
58.328
49.224
-1
35.064
77.224
52.409
70.959
51.016
63.965
32.751
174.315
88.227
49.853
39.871
46.257
41.296
39.217
46.405
47.433
50.894
50.249
116.345
58.088
36.389
44.312
70.026
48.505
86.221
65.765
56.063
-1
49.350
31.753
56.201
66.718
45.476
54.829
91.075
95.240
98.558
130.015
169.100
138.917
68.582
56.840
168.692
88.329
86.486
34.468
41.081
42.823
64.244
79.733
57.664
95.405
55.434
65.219
58.130
79.342
69.090
103.413
84.182
57.627
65.797
84.878
42.384
48.904
54.299
39.130
128.544
53.203
78.871
73.552
90.578
83.080
34.429
60.514
101.290
80.804
88.861
79.578
44.026
29.442
30.309
44.260
50.052
51.341
76.443
91.676
68.295
71.801
65.878
81.585
114.170
92.281
68.552
59.714
-1
107.450
82.646
26.617
40.322
50.008
32.816
47.209
77.784
90.828
55.406
84.536
62.390
98.961
98.758
45.790
60.557
73.320
69.973
27.212
54.251
90.728
31.666
53.401
86.430
53.374
131.651
110.654
123.017
55.497
86.708
109.714
53.281
30.955
51.711
44.201
57.294
38.114
42.337
67.618
72.734
60.622
56.146
70.155
74.187
68.769
32.587
52.356
44.027
77.039
47.449
72.068
36.451
27.259
62.488
73.527
47.735
48.436
37.910
88.707
44.881
65.971
143.312
50.297
87.210
66.006
67.979
155.247
45.132
96.672
53.715
34.802
50.870
29.953
41.347
54.932
41.200
30.185
40.954
62.329
27.420
26.767
40.498
118.151
49.374
35.109
57.079
57.917
56.201
37.760
116.144
46.207
67.662
102.275
52.012
53.090
54.774
34.869
43.286
42.488
64.147
72.972
75.559
41.728
89.002
71.405
59.068
84.014
49.364
36.646
46.389
107.191
-1
46.673
-1
-1
84.283
61.228
53.906
43.658
-1
51.211
31.407
55.153
33.062
85.795
95.965
50.185
101.774
52.464
32.980
31.175
64.127
69.221
95.475
57.482
68.638
85.296
110.594
44.176
50.732
74.121
54.635
39.556
40.565
68.055
78.256
103.286
58.774
51.861
43.892
48.984
57.642
58.612
58.551
52.408
70.723
41.245
59.634
102.630
59.834
-1
51.868
94.264
87.692
94.079
100.484
103.556
101.539
64.879
59.292
66.637
53.979
51.268
33.916
91.068
59.103
54.905
74.346
33.350
38.694
33.703
72.772
78.662
53.552
49.501
62.263
34.626
60.415
58.160
66.156
68.774
69.604
65.291
82.969
57.619
50.137
48.494
33.326
35.783
46.398
53.762
45.000
43.887
60.879
110.996
105.571
64.800
76.414
48.948
57.295
78.820
85.963
225.384
71.151
63.871
47.867
73.799
66.100
76.742
73.469
49.177
50.456
71.552
67.209
136.173
84.350
95.474
64.756
177.261
78.162
43.773
79.016
42.739
103.525
85.907
108.234
51.602
59.743
44.111
77.156
39.604
58.289
62.736
70.586
50.609
43.349
61.164
50.607
47.624
27.731
37.952
102.741
31.812
62.297
48.214
36.196
53.220
-1
36.108
78.781
35.016
35.911
56.315
51.332
57.029
34.314
160.234
122.835
128.037
63.340
97.922
113.255
41.200
63.512
62.994
106.036
57.510
83.594
42.436
66.502
53.034
80.516
45.389
72.539
34.946
43.966
102.226
74.926
42.992
51.409
53.038
82.141
54.159
165.577
121.835
65.015
45.276
78.072
55.566
74.277
53.802
80.181
-1
116.118
85.897
78.606
38.945
50.781
35.705
55.098
54.147
56.269
58.532
66.032
103.993
65.890
62.092
70.873
52.217
40.017
31.764
47.646
59.670
29.366
44.119
43.595
123.560
65.791
93.958
59.561
32.074
76.181
37.401
60.830
51.066
90.536
53.109
61.055
50.357
47.399
55.048
90.924
39.647
73.561
49.346
42.885
55.452
98.139
70.270
69.463
55.091
48.760
43.865
64.696
55.769
41.558
68.452
49.086
49.734
57.360
40.758
51.134
73.459
55.776
51.277
89.127
73.411
83.010
94.203
67.308
42.132
42.889
30.759
72.771
45.771
34.746
40.487
54.403
81.578
46.373
64.296
66.139
39.088
74.548
36.341
99.755
45.652
42.345
44.736
56.804
68.218
126.750
94.933
57.507
48.823
40.850
45.464
62.222
67.632
33.599
73.240
49.607
45.991
68.559
51.573
40.957
186.448
105.939
107.359
48.195
163.184
119.467
49.302
129.910
82.123
135.852
95.124
112.231
55.994
85.946
64.104
36.042
63.902
60.445
58.897
48.708
51.216
72.541
106.728
83.934
72.919
