1672771634.607881 38.814
1672771639.659681 39.978
1672771644.7108202 44.135
1672771649.7513769 33.057
1672771654.798461 42.998
1672771659.8329952 28.760
1672771664.888299 50.546
1672771669.9601789 59.201
1672771675.000264 36.276
1672771680.053792 48.554
1672771685.112983 54.692
1672771690.1729228 56.048
1672771695.259941 74.583
1672771700.371928 106.206
1672771705.467952 91.107
1672771710.544745 68.126
1672771715.6366239 79.861
1672771720.756476 110.683
1672771725.808842 41.052
1672771730.859366 40.810
1672771735.962503 89.630
1672771741.050126 80.617
1672771746.138355 66.114
1672771751.237317 87.391
1672771756.32862 85.949
1672771761.427365 86.936
1672771766.531521 94.160
1672771771.642643 106.599
1672771776.742496 88.547
1672771781.866452 110.519
1672771786.904802 31.264
1672771791.9453828 34.215
1672771807.962371 -1
1672771813.0179389 50.288
1672771818.138268 112.989
1672771823.1849852 42.525
1672771828.2365491 44.779
1672771833.2874398 45.114
1672771838.3433971 50.072
1672771843.395355 45.295
1672771848.4471302 47.608
1672771853.5071108 51.736
1672771858.563104 51.873
1672771863.6110542 43.904
1672771868.659026 43.141
1672771873.723824 60.225
1672771878.83098 97.548
1672771883.899014 59.557
1672771888.996456 92.051
1672771894.161804 160.472
1672771899.2642748 89.425
1672771904.363169 93.387
1672771909.411202 43.564
1672771914.483217 60.286
1672771919.555848 59.425
1672771924.5957398 32.575
1672771929.67568 66.401
1672771934.728012 38.784
1672771939.773542 41.129
1672771955.786883 -1
1672771960.988419 191.736
1672771966.157679 159.362
1672771971.2601259 88.987
1672771976.342787 75.449
1672771981.4441879 96.848
1672771986.5490408 100.012
1672771991.664234 102.243
1672771996.724991 48.654
1672772001.7845619 55.530
1672772006.85378 61.252
1672772011.90706 47.034
1672772016.959423 45.602
1672772032.981141 -1
1672772048.997491 -1
1672772065.016979 -1
1672772081.0284002 -1
1672772097.032249 -1
1672772113.0493639 -1
1672772129.065257 -1
1672772145.083254 -1
1672772150.140168 52.883
1672772155.238722 87.858
1672772160.2969651 51.948
1672772165.373874 63.340
1672772170.4369972 58.163
1672772175.483637 38.635
1672772180.5769038 82.809
1672772185.6543412 71.799
1672772201.664246 -1
1672772206.717047 47.483
1672772211.8211389 96.748
1672772216.872461 39.619
1672772221.929503 46.997
1672772226.979965 44.717
1672772232.089143 98.960
1672772237.2140858 111.292
1672772242.305156 87.383
1672772247.393145 76.254
1672772252.4625962 59.892
1672772257.58798 114.460
1672772262.6846669 91.204
1672772267.7580328 65.500
1672772272.8182569 52.108
1672772277.890622 68.163
1672772282.978029 75.073
1672772288.051218 63.578
1672772293.085045 29.175
1672772298.194277 99.714
1672772303.29304 93.066
1672772308.3881228 90.374
1672772313.476149 81.680
1672772318.6177359 129.121
1672772323.745451 114.473
1672772328.784294 35.040
1672772333.8296661 40.573
1672772338.899225 64.162
1672772343.960315 55.486
1672772349.0115159 44.738
1672772354.1441002 127.166
1672772359.220077 62.182
1672772364.276278 52.221
1672772369.3586502 68.848
1672772374.445329 79.783
1672772379.592279 140.440
1672772384.647661 48.988
1672772389.692124 37.073
1672772394.737879 36.637
1672772399.7953799 46.039
1672772404.8393059 36.305
1672772409.919335 70.818
1672772414.981684 51.613
1672772420.045761 54.524
1672772425.083897 32.122
1672772430.204394 106.969
1672772435.3546722 136.870
1672772440.542953 177.921
1672772445.61512 65.997
1672772450.661779 42.937
1672772455.700893 32.307
1672772460.759466 50.703
1672772465.795564 29.751
1672772470.843487 35.795
1672772475.884007 33.358
1672772480.964148 75.732
1672772486.036144 65.567
1672772491.086242 36.522
1672772496.146166 48.461
1672772501.19804 40.948
1672772506.254428 46.535
1672772511.302173 35.059
1672772516.346105 33.587
1672772521.466333 106.911
1672772526.526675 47.747
1672772531.618308 84.108
1672772536.675334 52.367
1672772541.721927 37.102
1672772546.771252 40.130
1672772551.835011 58.189
1672772556.898815 57.982
1672772561.949638 42.382
1672772567.021738 67.776
1672772572.1017878 72.013
1672772577.15019 42.421
1672772582.216104 54.715
1672772587.2615108 39.257
1672772592.337045 65.500
1672772597.412873 62.163
1672772602.4769 55.249
1672772607.53039 43.481
1672772612.578398 35.489
1672772617.622365 36.120
1672772622.68441 48.245
1672772627.738946 40.961
1672772632.772112 25.273
1672772637.858101 81.057
1672772642.931051 59.808
1672772648.010018 73.341
1672772653.1090791 91.198
1672772658.159463 44.238
1672772663.205133 40.571
1672772668.2703629 58.932
1672772673.369503 85.545
1672772678.4303381 47.387
1672772683.486015 47.758
1672772688.55489 58.545
1672772693.606221 46.239
1672772698.658132 47.631
1672772703.7062871 43.245
1672772708.785774 68.588
1672772713.875682 78.397
1672772718.947119 57.867
1672772724.0070841 53.405
1672772729.083562 62.674
1672772745.101563 -1
1672772761.11526 -1
1672772766.2074728 86.884
1672772771.315456 99.605
1672772776.378913 49.889
1672772781.444235 52.584
1672772786.494845 36.989
1672772791.556001 54.673
1672772796.606344 44.869
1672772801.64667 31.760
1672772806.7163641 55.808
1672772811.772345 49.303
1672772816.820231 40.114
1672772821.871389 37.388
1672772826.9189482 34.199
1672772831.966822 38.389
1672772837.026699 55.232
1672772853.0435998 -1
1672772869.0653389 -1
1672772874.152297 75.662
1672772879.223679 66.505
1672772884.2739289 42.740
1672772889.361154 77.111
1672772894.4372249 69.417
1672772899.508488 63.783
1672772904.584506 66.974
1672772909.63715 47.993
1672772914.740897 94.469
1672772919.802303 53.609
1672772924.883393 72.672
1672772929.952744 65.266
1672772935.037796 72.023
1672772940.217212 175.101
1672772945.298869 72.778
1672772950.392149 79.681
1672772955.442382 45.227
1672772960.539744 90.501
1672772965.604713 55.471
1672772970.654432 42.080
1672772975.770931 110.143
1672772991.7811542 -1
1672772996.851446 62.639
1672773002.0509539 191.163
1672773007.1442041 84.458
1672773012.190072 42.199
1672773017.249436 45.810
1672773022.282932 29.713
1672773027.473415 186.209
1672773032.5612109 76.878
1672773037.6758919 101.141
1672773053.698095 -1
1672773058.745836 41.101
1672773063.801499 51.564
1672773068.878433 72.800
1672773073.987809 96.721
1672773079.034548 42.093
1672773084.088189 48.960
1672773089.141275 48.336
1672773094.1855428 36.850
1672773099.237643 40.977
1672773104.273922 25.367
1672773109.324254 39.898
1672773114.36361 32.776
1672773119.469341 92.164
1672773124.569022 92.867
1672773129.6651468 87.363
1672773134.726136 51.400
1672773150.745623 -1
1672773155.7958772 40.294
1672773160.867672 66.718
1672773166.172904 297.582
1672773171.2929978 112.671
1672773176.553601 250.435
1672773181.6341991 76.341
1672773186.684441 37.592
1672773191.770329 76.114
1672773196.822873 44.745
1672773201.89885 62.449
1672773206.966592 59.382
1672773212.030839 50.704
1672773217.102533 63.509
1672773222.219723 113.437
1672773227.316403 84.182
1672773232.411496 91.328
1672773237.512817 97.511
1672773242.595653 77.812
1672773247.689 79.773
1672773252.759702 56.994
1672773257.7985952 27.451
1672773262.865249 53.093
1672773267.9292932 58.550
1672773273.0281 85.221
1672773278.153304 120.801
1672773283.224231 57.830
1672773288.2842398 47.872
1672773293.3575191 65.914
1672773298.436491 72.939
1672773303.499881 56.416
1672773308.590082 86.004
1672773313.659512 64.777
1672773318.762005 89.003
1672773323.853643 80.868
1672773328.930187 69.369
1672773333.984858 42.894
1672773339.0520902 62.698
1672773344.1206899 62.643
1672773349.1805482 47.861
1672773354.232553 38.395
1672773359.307351 67.443
1672773364.401015 85.479
1672773369.5246668 109.973
1672773374.638156 104.333
1672773379.7237241 76.891
1672773395.740277 -1
1672773400.8134441 65.964
1672773405.876925 59.002
1672773410.9383402 56.945
1672773415.999776 54.717
1672773421.117964 112.420
1672773426.170751 48.415
1672773431.233686 59.164
1672773436.3065221 59.299
1672773441.378304 65.473
1672773446.456406 69.369
1672773451.544582 69.694
1672773456.7408261 65.421
1672773461.8084962 57.253
1672773466.86036 33.680
1672773471.9315772 61.235
1672773477.213588 257.959
1672773482.29052 64.439
1672773487.36853 65.622
1672773492.4899268 69.317
1672773497.582017 86.871
1672773502.675881 89.747
1672773507.777646 69.516
1672773512.861585 73.669
1672773517.9175181 50.368
1672773523.061257 133.896
1672773528.213133 122.800
1672773533.349226 126.744
1672773538.430494 76.459
1672773543.559134 122.515
1672773548.633837 61.849
1672773553.827025 80.317
1672773558.89107 56.793
1672773563.983007 78.185
1672773569.1323211 143.908
1672773574.227273 89.440
1672773579.330164 94.014
1672773584.4267619 91.089
1672773589.513376 73.626
1672773594.5870159 63.488
1672773599.629792 36.719
1672773604.69655 55.347
1672773609.741768 32.216
1672773614.801535 49.201
1672773619.8945768 86.777
1672773624.938601 33.707
1672773629.98257 33.999
1672773635.0397398 45.552
1672773640.122323 77.110
1672773645.191799 59.684
1672773650.265122 59.550
1672773655.3259919 56.082
1672773660.391042 60.224
1672773665.4436421 46.662
1672773670.499995 50.507
1672773675.601856 93.371
1672773680.705044 90.024
1672773685.761111 51.913
1672773690.8194182 51.067
1672773695.86201 37.855
1672773700.939563 64.619
1672773706.0160582 67.911
1672773711.071685 48.120
1672773716.138529 59.087
1672773721.2142148 68.319
1672773726.297591 72.811
1672773731.373431 67.000
1672773736.4363258 52.484
1672773741.4883661 38.309
1672773746.560412 63.244
1672773751.645587 78.251
1672773756.726499 72.067
1672773761.793035 55.694
1672773766.87802 81.074
1672773771.96327 77.566
1672773777.088355 114.814
1672773782.164869 72.413
1672773787.2085152 35.507
1672773792.277163 63.895
1672773797.345012 61.896
1672773802.389432 30.768
1672773807.46282 69.278
1672773812.5289102 54.967
1672773817.5780602 40.666
1672773822.630305 46.057
1672773827.726495 90.359
1672773832.862473 131.437
1672773837.9249249 57.640
1672773842.968873 39.558
1672773848.012871 36.044
1672773853.136971 118.785
1672773858.2659469 122.224
1672773863.3851452 110.304
1672773868.468648 76.974
1672773873.535208 62.414
1672773878.601984 62.716
1672773883.658638 50.526
1672773888.698773 30.890
1672773893.740108 32.711
1672773898.790633 39.213
1672773903.82495 27.075
1672773908.864809 32.923
1672773913.9510741 72.500
1672773929.962137 -1
1672773935.033334 65.859
1672773940.089407 51.231
1672773945.1404579 44.709
1672773950.243965 90.100
1672773955.3486478 92.169
1672773960.448253 94.541
1672773965.5319371 79.158
1672773970.577305 32.190
1672773975.691628 101.084
1672773980.792819 88.324
1672773985.846221 41.049
1672773990.925947 74.158
1672773995.976834 44.927
1672774001.0276952 39.001
1672774017.042402 -1
1672774033.071705 -1
1672774049.086863 -1
1672774065.1016672 -1
1672774070.166524 60.028
1672774075.273398 102.159
1672774080.342877 55.991
1672774085.404174 57.497
1672774090.476425 67.101
1672774095.584096 102.068
1672774100.6876748 97.205
1672774105.749533 49.343
1672774110.8071098 52.686
1672774115.939852 128.799
1672774121.014965 66.840
1672774126.161692 134.014
1672774131.2882078 119.065
1672774136.368178 66.524
1672774141.452363 78.884
1672774146.5395572 74.819
1672774151.60607 57.308
1672774156.6544719 41.933
1672774161.702386 43.221
1672774166.742435 36.284
1672774171.8114 58.328
1672774176.870559 49.224
1672774192.880671 -1
1672774197.9221408 35.064
1672774203.013145 77.224
1672774208.069176 52.409
1672774213.151456 70.959
1672774218.211306 51.016
1672774223.288119 63.965
1672774228.324693 32.751
1672774233.508815 174.315
1672774238.6016798 88.227
1672774243.6620889 49.853
1672774248.709143 39.871
1672774253.769073 46.257
1672774258.818603 41.296
1672774263.8657112 39.217
1672774268.925792 46.405
1672774273.984114 47.433
1672774279.0401511 50.894
1672774284.1040971 50.249
1672774289.226381 116.345
1672774294.2970722 58.088
1672774299.341074 36.389
1672774304.391792 44.312
1672774309.4718442 70.026
1672774314.5260139 48.505
1672774319.623059 86.221
1672774324.69501 65.765
1672774329.756168 56.063
1672774345.776499 -1
1672774350.831737 49.350
1672774355.8676832 31.753
1672774360.9306638 56.201
1672774366.0067992 66.718
1672774371.058592 45.476
1672774376.121784 54.829
1672774381.221683 91.075
1672774386.322865 95.240
1672774391.43112 98.558
1672774396.568358 130.015
1672774401.744447 169.100
1672774406.888223 138.917
1672774411.96489 68.582
1672774417.033389 56.840
1672774422.2079518 168.692
1672774427.3092108 88.329
1672774432.401387 86.486
1672774437.4414139 34.468
1672774442.493422 41.081
1672774447.5494242 42.823
1672774452.619477 64.244
1672774457.71422 79.733
1672774462.775537 57.664
1672774467.88329 95.405
1672774472.944604 55.434
1672774478.0217972 65.219
1672774483.084884 58.130
1672774488.177969 79.342
1672774493.260671 69.090
1672774498.376346 103.413
1672774503.464604 84.182
1672774508.529376 57.627
1672774513.6076858 65.797
1672774518.6965098 84.878
1672774523.746428 42.384
1672774528.800137 48.904
1672774533.867893 54.299
1672774538.9120908 39.130
1672774544.045124 128.544
1672774549.10511 53.203
1672774554.189526 78.871
1672774559.272197 73.552
1672774564.371052 90.578
1672774569.459744 83.080
1672774574.499607 34.429
1672774579.5663848 60.514
1672774584.674172 101.290
1672774589.7621849 80.804
1672774594.8583648 88.861
1672774599.9460669 79.578
1672774605.003561 44.026
1672774610.039862 29.442
1672774615.08377 30.309
1672774620.135614 44.260
1672774625.191566 50.052
1672774630.249174 51.341
1672774635.3377721 76.443
1672774640.433284 91.676
1672774645.506042 68.295
1672774650.58318 71.801
1672774655.659086 65.878
1672774660.746979 81.585
1672774665.865634 114.170
1672774670.9655879 92.281
1672774676.039037 68.552
1672774681.102598 59.714
1672774697.1170208 -1
1672774702.228796 107.450
1672774707.318526 82.646
1672774712.358616 26.617
1672774717.40611 40.322
1672774722.461371 50.008
1672774727.501301 32.816
1672774732.5524921 47.209
1672774737.638679 77.784
1672774742.739876 90.828
1672774747.8015082 55.406
1672774752.894291 84.536
1672774757.961104 62.390
1672774763.0651252 98.961
1672774768.174172 98.758
1672774773.231423 45.790
1672774778.3048708 60.557
1672774783.3874712 73.320
1672774788.4634938 69.973
1672774793.495502 27.212
1672774798.5588212 54.251
1672774803.663213 90.728
1672774808.7030542 31.666
1672774813.765881 53.401
1672774818.862352 86.430
1672774823.9198358 53.374
1672774829.059517 131.651
1672774834.183744 110.654
1672774839.3120031 123.017
1672774844.376904 55.497
1672774849.475569 86.708
1672774854.59153 109.714
1672774859.648845 53.281
1672774864.684976 30.955
1672774869.741096 51.711
1672774874.796989 44.201
1672774879.863774 57.294
1672774884.909411 38.114
1672774889.958517 42.337
1672774895.039791 67.618
1672774900.122462 72.734
1672774905.187385 60.622
1672774910.247455 56.146
1672774915.331272 70.155
1672774920.415702 74.187
1672774925.490853 68.769
1672774930.5344498 32.587
1672774935.6003048 52.356
1672774940.648254 44.027
1672774945.736452 77.039
1672774950.794794 47.449
1672774955.875317 72.068
1672774960.919498 36.451
1672774965.951657 27.259
1672774971.023015 62.488
1672774976.109602 73.527
1672774981.1669388 47.735
1672774986.228163 48.436
1672774991.2735841 37.910
1672774996.371829 88.707
1672775001.424161 44.881
1672775006.500951 65.971
1672775011.64977 143.312
1672775016.7137332 50.297
1672775021.814708 87.210
1672775026.8844469 66.006
1672775031.9584708 67.979
1672775037.1261718 155.247
1672775042.1795719 45.132
1672775047.290016 96.672
1672775052.3488388 53.715
1672775057.3934 34.802
1672775062.452087 50.870
1672775067.487017 29.953
1672775072.539099 41.347
1672775077.599009 54.932
1672775082.651021 41.200
1672775087.687103 30.185
1672775092.7390552 40.954
1672775097.812486 62.329
1672775102.8535612 27.420
1672775107.887247 26.767
1672775112.931988 40.498
1672775118.055732 118.151
1672775123.114629 49.374
1672775128.155648 35.109
1672775133.218781 57.079
1672775138.283665 57.917
1672775143.34495 56.201
1672775148.388472 37.760
1672775153.514354 116.144
1672775158.564867 46.207
1672775163.644137 67.662
1672775168.7553039 102.275
1672775173.8142579 52.012
1672775178.880985 53.090
1672775183.954915 54.774
1672775188.996039 34.869
1672775194.047043 43.286
1672775199.097375 42.488
1672775204.166017 64.147
1672775209.249203 72.972
1672775214.3294542 75.559
1672775219.384541 41.728
1672775224.4780312 89.002
1672775229.554073 71.405
1672775234.625704 59.068
1672775239.714375 84.014
1672775244.789857 49.364
1672775249.840163 36.646
1672775254.900222 46.389
1672775260.017542 107.191
1672775276.041225 -1
1672775281.096441 46.673
1672775297.109921 -1
1672775313.135543 -1
1672775318.224939 84.283
1672775323.296501 61.228
1672775328.358102 53.906
1672775333.4082549 43.658
1672775349.4277089 -1
1672775354.487247 51.211
1672775359.5226262 31.407
1672775364.586591 55.153
1672775369.625354 33.062
1672775374.717609 85.795
1672775379.818325 95.965
1672775384.872354 50.185
1672775389.984579 101.774
1672775395.0425532 52.464
1672775400.085388 32.980
1672775405.12126 31.175
1672775410.195918 64.127
1672775415.269942 69.221
1672775420.374797 95.475
1672775425.441329 57.482
1672775430.521249 68.638
1672775435.610662 85.296
1672775440.729237 110.594
1672775445.782679 44.176
1672775450.845492 50.732
1672775455.933095 74.121
1672775460.999128 54.635
1672775466.042857 39.556
1672775471.0907578 40.565
1672775476.164957 68.055
1672775481.249064 78.256
1672775486.360863 103.286
1672775491.4303539 58.774
1672775496.486188 51.861
1672775501.5340211 43.892
1672775506.591487 48.984
1672775511.659551 57.642
1672775516.728678 58.612
1672775521.792187 58.551
1672775526.852086 52.408
1672775531.92786 70.723
1672775536.979158 41.245
1672775542.04979 59.634
1672775547.156559 102.630
1672775552.2273018 59.834
1672775568.2365692 -1
1672775573.292257 51.868
1672775578.398449 94.264
1672775583.491641 87.692
1672775588.591261 94.079
1672775593.6963048 100.484
1672775598.804306 103.556
1672775603.919424 101.539
1672775608.9979799 64.879
1672775614.065713 59.292
1672775619.145907 66.637
1672775624.2062972 53.979
1672775629.271115 51.268
1672775634.310327 33.916
1672775639.405901 91.068
1672775644.469134 59.103
1672775649.533073 54.905
1672775654.615204 74.346
1672775659.655522 33.350
1672775664.69917 38.694
1672775669.737781 33.703
1672775674.8181279 72.772
1672775679.909993 78.662
1672775684.97043 53.552
1672775690.03368 49.501
1672775695.105767 62.263
1672775700.148565 34.626
1672775705.219255 60.415
1672775710.2827039 58.160
1672775715.354059 66.156
1672775720.431309 68.774
1672775725.50883 69.604
1672775730.587753 65.291
1672775735.6752949 82.969
1672775740.739567 57.619
1672775745.804523 50.137
1672775750.85747 48.494
1672775755.896662 33.326
1672775760.940562 35.783
1672775766.0004961 46.398
1672775771.061463 53.762
1672775776.112426 45.000
1672775781.1631181 43.887
1672775786.235243 60.879
1672775791.351115 110.996
1672775796.4608698 105.571
1672775801.529875 64.800
1672775806.620543 76.414
1672775811.6770282 48.948
1672775816.7478468 57.295
1672775821.8342888 78.820
1672775826.9338171 85.963
1672775832.168106 225.384
1672775837.252202 71.151
1672775842.328296 63.871
1672775847.38202 47.867
1672775852.461914 73.799
1672775857.534143 66.100
1672775862.6247199 76.742
1672775867.702807 73.469
1672775872.7582972 49.177
1672775877.815576 50.456
1672775882.891464 71.552
1672775887.967377 67.209
1672775893.108855 136.173
1672775898.200953 84.350
1672775903.302422 95.474
1672775908.3748548 64.756
1672775913.5573618 177.261
1672775918.644094 78.162
1672775923.692053 43.773
1672775928.780034 79.016
1672775933.828056 42.739
1672775938.9448168 103.525
1672775944.036318 85.907
1672775949.1524029 108.234
1672775954.212262 51.602
1672775959.2843788 59.743
1672775964.332335 44.111
1672775969.413366 77.156
1672775974.465915 39.604
1672775979.537432 58.289
1672775984.605647 62.736
1672775989.689749 70.586
1672775994.749824 50.609
1672775999.802569 43.349
1672776004.87467 61.164
1672776009.930444 50.607
1672776014.988124 47.624
1672776020.028086 27.731
1672776025.073524 37.952
1672776030.182805 102.741
1672776035.2266262 31.812
1672776040.302506 62.297
1672776045.356902 48.214
1672776050.4034271 36.196
1672776055.463527 53.220
1672776071.483315 -1
1672776076.5235388 36.108
1672776081.626147 78.781
1672776086.6676538 35.016
1672776091.713721 35.911
1672776096.782706 56.315
1672776101.840808 51.332
1672776106.902446 57.029
1672776111.95049 34.314
1672776117.117308 160.234
1672776122.2507908 122.835
1672776127.383667 128.037
1672776132.452064 63.340
1672776137.556443 97.922
1672776142.676627 113.255
1672776147.731234 41.200
1672776152.8065338 63.512
1672776157.8745222 62.994
1672776162.992575 106.036
1672776168.056427 57.510
1672776173.147854 83.594
1672776178.195241 42.436
1672776183.27317 66.502
1672776188.3391428 53.034
1672776193.426738 80.516
1672776198.477636 45.389
1672776203.554621 72.539
1672776208.5941591 34.946
1672776213.6499681 43.966
1672776218.765703 102.226
1672776223.854323 74.926
1672776228.9017851 42.992
1672776233.961941 51.409
1672776239.02173 53.038
1672776244.107693 82.141
1672776249.1665778 54.159
1672776254.33678 165.577
1672776259.464822 121.835
1672776264.5370328 65.015
1672776269.5959601 45.276
1672776274.679819 78.072
1672776279.7489421 55.566
1672776284.8276181 74.277
1672776289.886892 53.802
1672776294.970871 80.181
1672776310.988446 -1
1672776316.113229 116.118
1672776321.2126641 85.897
1672776326.299316 78.606
1672776331.341897 38.945
1672776336.397863 50.781
1672776341.446551 35.705
1672776346.508287 55.098
1672776351.568009 54.147
1672776356.62816 56.269
1672776361.696915 58.532
1672776366.7745652 66.032
1672776371.883948 103.993
1672776376.957928 65.890
1672776382.024502 62.092
1672776387.107682 70.873
1672776392.167896 52.217
1672776397.221312 40.017
1672776402.257759 31.764
1672776407.317798 47.646
1672776412.381427 59.670
1672776417.4145799 29.366
1672776422.462687 44.119
1672776427.5180821 43.595
1672776432.649413 123.560
1672776437.722213 65.791
1672776442.825495 93.958
1672776447.893142 59.561
1672776452.929226 32.074
1672776458.013435 76.181
1672776463.060918 37.401
1672776468.132042 60.830
1672776473.187857 51.066
1672776478.283139 90.536
1672776483.340039 53.109
1672776488.4113731 61.055
1672776493.472376 50.357
1672776498.5277162 47.399
1672776503.587902 55.048
1672776508.688698 90.924
1672776513.732676 39.647
1672776518.816632 73.561
1672776523.869795 49.346
1672776528.917669 42.885
1672776533.9862661 55.452
1672776539.088788 98.139
1672776544.17258 70.270
1672776549.255614 69.463
1672776554.3227 55.091
1672776559.3812768 48.760
1672776564.4319518 43.865
1672776569.50595 64.696
1672776574.571799 55.769
1672776579.626196 41.558
1672776584.701782 68.452
1672776589.757798 49.086
1672776594.8137758 49.734
1672776599.877888 57.360
1672776604.9285078 40.758
1672776609.9857721 51.134
1672776615.064786 73.459
1672776620.1314821 55.776
1672776625.192696 51.277
1672776630.2855182 89.127
1672776635.372728 73.411
1672776640.460799 83.010
1672776645.568636 94.203
1672776650.643958 67.308
1672776655.699341 42.132
1672776660.7466729 42.889
1672776665.7816162 30.759
1672776670.866775 72.771
1672776675.92153 45.771
1672776680.969741 34.746
1672776686.0200682 40.487
1672776691.078264 54.403
1672776696.173426 81.578
1672776701.225278 46.373
1672776706.294873 64.296
1672776711.3707788 66.139
1672776716.422688 39.088
1672776721.504958 74.548
1672776726.55009 36.341
1672776731.6601868 99.755
1672776736.718862 45.652
1672776741.774839 42.345
1672776746.830699 44.736
1672776751.891695 56.804
1672776756.968864 68.218
1672776762.099904 126.750
1672776767.2004921 94.933
1672776772.262078 57.507
1672776777.314914 48.823
1672776782.364716 40.850
1672776787.414858 45.464
1672776792.489621 62.222
1672776797.5708852 67.632
1672776802.617902 33.599
1672776807.695904 73.240
1672776812.758744 49.607
1672776817.810909 45.991
1672776822.8895419 68.559
1672776827.953378 51.573
1672776833.005322 40.957
1672776838.197073 186.448
1672776843.309911 105.939
1672776848.430646 107.359
1672776853.4851909 48.195
1672776858.658742 163.184
1672776863.783828 119.467
1672776868.843888 49.302
1672776873.987454 129.910
1672776879.0831292 82.123
1672776884.232624 135.852
1672776889.3331861 95.124
1672776894.4505138 112.231
1672776899.513976 55.994
1672776904.60597 85.946
1672776909.6836748 64.104
1672776914.725537 36.042
1672776919.794944 63.902
1672776924.860256 60.445
1672776929.9273732 58.897
1672776934.983146 48.708
1672776940.039928 51.216
1672776945.120078 72.541
1672776950.2360718 106.728
1672776955.324209 83.934
1672776960.4106529 72.919
