102.204
98.011
40.115
112.129
98.191
115.331
105.794
121.605
114.763
114.148
114.100
100.949
114.919
111.688
30.208
111.490
120.278
113.199
96.258
89.094
92.223
93.446
94.548
93.575
90.565
90.858
121.229
92.678
104.419
42.135
111.029
111.860
106.890
40.654
54.500
110.346
110.714
41.945
119.806
101.179
109.348
61.909
113.710
100.740
240.886
101.463
97.841
109.545
110.055
109.689
116.558
104.544
122.314
101.332
94.163
111.876
113.244
55.245
105.008
90.526
112.708
104.565
91.070
119.225
110.798
114.699
110.044
112.242
112.976
197.193
107.944
110.339
55.086
243.804
38.104
111.333
108.219
104.459
249.048
119.100
115.058
111.209
277.332
232.406
44.003
42.504
98.163
111.921
125.052
119.300
105.570
119.245
113.628
116.694
244.911
241.938
102.347
71.960
122.222
102.027
121.394
149.523
239.567
109.346
99.116
118.869
100.665
66.760
124.344
106.072
116.977
112.448
258.506
40.224
133.965
114.198
51.573
135.993
242.544
102.703
106.955
255.823
233.403
100.565
111.215
245.987
112.980
37.958
57.722
103.464
123.064
114.340
120.668
106.753
238.468
112.277
120.723
102.384
114.344
104.955
109.593
111.595
111.803
32.512
38.909
103.983
108.256
44.883
247.480
143.304
114.413
58.990
108.310
124.163
113.281
85.390
89.786
94.217
88.283
83.253
92.332
111.889
102.917
99.321
96.096
41.859
103.417
105.811
60.751
54.542
102.729
110.592
119.811
44.102
93.615
112.458
42.093
114.140
113.138
112.347
104.158
90.042
111.220
31.242
113.069
108.597
111.401
119.146
108.980
110.770
117.949
139.226
100.947
101.162
103.593
112.903
113.298
89.786
112.670
104.385
102.032
111.836
111.601
113.813
108.307
123.229
239.724
115.847
242.111
113.912
105.547
114.234
112.483
55.269
118.906
111.396
118.544
109.231
127.501
105.561
97.314
121.470
116.103
115.082
102.418
110.301
225.160
112.249
118.204
112.051
116.959
117.281
98.775
53.808
111.594
124.501
42.401
194.630
108.858
100.931
119.455
239.993
110.210
200.026
114.336
117.257
112.076
120.068
239.217
116.075
65.749
103.739
76.742
121.322
106.874
104.896
106.363
105.316
113.299
120.352
108.730
120.844
104.027
117.513
110.697
134.740
113.531
42.278
124.144
106.519
56.609
111.353
123.216
114.777
100.162
253.601
107.049
113.013
121.874
114.542
101.323
120.304
108.596
110.264
112.374
247.525
120.410
110.315
121.016
110.880
104.128
113.351
115.085
110.679
111.803
83.955
119.954
54.870
122.138
113.598
116.939
121.472
56.399
100.296
116.272
104.661
108.439
109.202
54.320
62.782
99.854
94.205
93.859
101.409
95.038
100.905
103.189
93.137
112.761
110.526
110.445
101.431
113.509
100.675
100.767
109.635
102.752
100.946
92.779
115.473
100.523
109.956
87.787
94.076
114.946
113.623
114.521
118.751
114.360
105.985
90.934
110.362
40.237
92.865
99.772
115.957
32.303
104.567
108.596
101.891
52.388
111.569
108.932
42.559
91.954
88.832
113.195
102.108
104.954
86.164
114.286
114.900
98.700
111.704
108.847
43.562
108.225
112.444
120.547
112.214
122.674
110.284
58.390
107.903
101.132
97.549
112.773
109.312
101.885
119.587
113.033
112.102
110.904
114.082
111.193
121.423
95.806
117.156
114.183
117.469
243.370
112.518
96.746
110.833
108.510
115.232
111.333
62.708
103.739
122.057
240.589
101.174
118.493
112.857
123.289
92.650
111.030
105.893
88.715
112.451
115.436
111.936
56.287
100.734
118.492
115.788
120.816
106.798
103.385
