1672770551.8728497 102.204
1672770557.000501 98.011
1672770562.0707788 40.115
1672770567.2193582 112.129
1672770572.3606484 98.191
1672770577.5212216 115.331
1672770582.6722703 105.794
1672770587.8400466 121.605
1672770592.9911973 114.763
1672770598.1516278 114.148
1672770603.3018215 114.100
1672770608.4395638 100.949
1672770613.5911913 114.919
1672770618.741094 111.688
1672770623.8101401 30.208
1672770628.9606457 111.490
1672770634.121692 120.278
1672770639.2816653 113.199
1672770644.4239016 96.258
1672770649.5449688 89.094
1672770654.684644 92.223
1672770659.8254368 93.446
1672770664.9663565 94.548
1672770670.1061213 93.575
1672770675.2360656 90.565
1672770680.3650823 90.858
1672770685.5345654 121.229
1672770690.676149 92.678
1672770695.8258464 104.419
1672770700.9161527 42.135
1672770706.076937 111.029
1672770711.235268 111.860
1672770716.3875425 106.890
1672770721.4763582 40.654
1672770726.5649025 54.500
1672770731.7159548 110.346
1672770736.8653736 110.714
1672770741.9463468 41.945
1672770747.1061356 119.806
1672770752.2465882 101.179
1672770757.3963928 109.348
1672770762.5071886 61.909
1672770767.6675112 113.710
1672770772.8070827 100.740
1672770778.0869753 240.886
1672770783.216275 101.463
1672770788.3588836 97.841
1672770793.5071936 109.545
1672770798.638361 110.055
1672770803.7864282 109.689
1672770808.9494686 116.558
1672770814.099081 104.544
1672770819.2690468 122.314
1672770824.4182062 101.332
1672770829.5601494 94.163
1672770834.7192338 111.876
1672770839.8793702 113.244
1672770844.966823 55.245
1672770850.1089337 105.008
1672770855.2381728 90.526
1672770860.3883607 112.708
1672770865.541361 104.565
1672770870.6804373 91.070
1672770875.8476887 119.225
1672770881.0068462 110.798
1672770886.1687574 114.699
1672770891.3282976 110.044
1672770896.4871268 112.242
1672770901.636765 112.976
1672770906.8688745 197.193
1672770912.0160687 107.944
1672770917.1470942 110.339
1672770922.2309387 55.086
1672770927.521517 243.804
1672770932.5985503 38.104
1672770937.7476993 111.333
1672770942.8891695 108.219
1672770948.041469 104.459
1672770953.330525 249.048
1672770958.4875712 119.100
1672770963.6412437 115.058
1672770968.7910032 111.209
1672770974.1051822 277.332
1672770979.3733342 232.406
1672770984.4621272 44.003
1672770989.552315 42.504
1672770994.6887016 98.163
1672770999.8387952 111.921
1672771005.0111163 125.052
1672771010.1789443 119.300
1672771015.3310142 105.570
1672771020.4895637 119.245
1672771025.6501858 113.628
1672771030.8082993 116.694
1672771036.088886 244.911
1672771041.3795385 241.938
1672771046.5308893 102.347
1672771051.6503038 71.960
1672771056.820131 122.222
1672771061.9692464 102.027
1672771067.1402364 121.394
1672771072.325002 149.523
1672771077.6054893 239.567
1672771082.7526183 109.346
1672771087.893273 99.116
1672771093.0606334 118.869
1672771098.2030835 100.665
1672771103.3082092 66.760
1672771108.4822059 124.344
1672771113.6349702 106.072
1672771118.801036 116.977
1672771123.9608648 112.448
1672771129.2678652 258.506
1672771134.3445282 40.224
1672771139.4878595 133.965
1672771144.6328633 114.198
1672771149.708691 51.573
1672771154.8845801 135.993
1672771160.1755526 242.544
1672771165.3259227 102.703
1672771170.4759166 106.955
1672771175.7804446 255.823
1672771181.06142 233.403
1672771186.2069182 100.565
1672771191.3658333 111.215
1672771196.660341 245.987
1672771201.8120472 112.980
1672771206.875394 37.958
1672771211.95454 57.722
1672771217.090888 103.464
1672771222.2529917 123.064
1672771227.4026906 114.340
1672771232.5626302 120.668
1672771237.6915805 106.753
1672771242.970971 238.468
1672771248.133946 112.277
1672771253.3039026 120.723
1672771258.4533627 102.384
1672771263.6024773 114.344
1672771268.745347 104.955
1672771273.8936074 109.593
1672771279.043442 111.595
1672771284.193636 111.803
1672771289.2422125 32.512
1672771294.3150232 38.909
1672771299.4562285 103.983
1672771304.6130226 108.256
1672771309.6988869 44.883
1672771314.9858055 247.480
1672771320.1690142 143.304
1672771325.3246636 114.413
1672771330.4163282 58.990
1672771335.563029 108.310
1672771340.7347758 124.163
1672771345.8949962 113.281
1672771351.0282354 85.390
1672771356.1567473 89.786
1672771361.2984543 94.217
1672771366.4384286 88.283
1672771371.5558794 83.253
1672771376.6873758 92.332
1672771381.8368208 111.889
1672771386.9789343 102.917
1672771392.116538 99.321
1672771397.24695 96.096
1672771402.326004 41.859
1672771407.467933 103.417
1672771412.6082346 105.811
1672771417.7078156 60.751
1672771422.7967963 54.542
1672771427.9394002 102.729
1672771433.0908127 110.592
1672771438.259149 119.811
1672771443.317502 44.102
1672771448.4495983 93.615
1672771453.5967495 112.458
1672771458.6776948 42.093
1672771463.8392909 114.140
1672771468.9996839 113.138
1672771474.158707 112.347
1672771479.3111227 104.158
1672771484.4504533 90.042
1672771489.610812 111.220
1672771494.6899257 31.242
1672771499.8512063 113.069
1672771505.011037 108.597
1672771510.170315 111.401
1672771515.3380096 119.146
1672771520.492498 108.980
1672771525.6513586 110.770
1672771530.8090997 117.949
1672771535.9807086 139.226
1672771541.1190698 100.947
1672771546.259505 101.162
1672771551.4006047 103.593
1672771556.5606172 112.903
1672771561.722126 113.298
1672771566.849619 89.786
1672771572.000393 112.670
1672771577.1409106 104.385
1672771582.2819371 102.032
1672771587.4424558 111.836
1672771592.6013074 111.601
1672771597.7626796 113.813
1672771602.9195445 108.307
1672771608.089651 123.229
1672771613.3755088 239.724
1672771618.5396185 115.847
1672771623.8213575 242.111
1672771628.9837105 113.912
1672771634.1388583 105.547
1672771639.3003995 114.234
1672771644.4600928 112.483
1672771649.5636246 55.269
1672771654.7315373 118.906
1672771659.8928025 111.396
1672771665.0601282 118.544
1672771670.203985 109.231
1672771675.3698623 127.501
1672771680.5244246 105.561
1672771685.6595724 97.314
1672771690.8198059 121.470
1672771695.9702916 116.103
1672771701.1230726 115.082
1672771706.2631013 102.418
1672771711.4103556 110.301
1672771716.6713648 225.160
1672771721.8227794 112.249
1672771726.9810388 118.204
1672771732.1315053 112.051
1672771737.2872906 116.959
1672771742.4523385 117.281
1672771747.5742936 98.775
1672771752.6644657 53.808
1672771757.8141606 111.594
1672771762.97595 124.501
1672771768.0650082 42.401
1672771773.296388 194.630
1672771778.4422648 108.858
1672771783.5823097 100.931
1672771788.741806 119.455
1672771794.016709 239.993
1672771799.1730967 110.210
1672771804.4193685 200.026
1672771809.5825274 114.336
1672771814.744417 117.257
1672771819.9047923 112.076
1672771825.0742142 120.068
1672771830.3496664 239.217
1672771835.5027332 116.075
1672771840.6019971 65.749
1672771845.74151 103.739
1672771850.8550596 76.742
1672771856.0128787 121.322
1672771861.1639104 106.874
1672771866.3019857 104.896
1672771871.4466963 106.363
1672771876.582865 105.316
1672771881.7441394 113.299
1672771886.914162 120.352
1672771892.05708 108.730
1672771897.2260716 120.844
1672771902.3788188 104.027
1672771907.5445695 117.513
1672771912.7043035 110.697
1672771917.8852437 134.740
1672771923.047458 113.531
1672771928.1387582 42.278
1672771933.300242 124.144
1672771938.4442325 106.519
1672771943.5363307 56.609
1672771948.6856515 111.353
1672771953.856416 123.216
1672771959.005781 114.777
1672771964.1450315 100.162
1672771969.4472847 253.601
1672771974.5830982 107.049
1672771979.7346613 113.013
1672771984.8947673 121.874
1672771990.0453491 114.542
1672771995.1849864 101.323
1672772000.345003 120.304
1672772005.4986937 108.596
1672772010.6552315 110.264
1672772015.8043675 112.374
1672772021.0993638 247.525
1672772026.2667289 120.410
1672772031.4172974 110.315
1672772036.5870361 121.016
1672772041.7211769 110.880
1672772046.8661273 104.128
1672772052.026687 113.351
1672772057.1777325 115.085
1672772062.3367062 110.679
1672772067.4973724 111.803
1672772072.630629 83.955
1672772077.7973585 119.954
1672772082.8989453 54.870
1672772088.0688121 122.138
1672772093.2303097 113.598
1672772098.3874722 116.939
1672772103.558072 121.472
1672772108.6614983 56.399
1672772113.7985308 100.296
1672772118.9484835 116.272
1672772124.090531 104.661
1672772129.2375395 108.439
1672772134.3882344 109.202
1672772139.491012 54.320
1672772144.5920653 62.782
1672772149.738525 99.854
1672772154.8809175 94.205
1672772160.0218508 93.859
1672772165.1704612 101.409
1672772170.3127012 95.038
1672772175.452562 100.905
1672772180.6022618 103.189
1672772185.7424676 93.137
1672772190.9038436 112.761
1672772196.0644164 110.526
1672772201.2229285 110.445
1672772206.3712199 101.431
1672772211.532928 113.509
1672772216.681468 100.675
1672772221.8216796 100.767
1672772226.9713287 109.635
1672772232.1123421 102.752
1672772237.2518585 100.946
1672772242.3809378 92.779
1672772247.534108 115.473
1672772252.6714616 100.523
1672772257.819543 109.956
1672772262.9431152 87.787
1672772268.0734131 94.076
1672772273.2208757 114.946
1672772278.382299 113.623
1672772283.5434926 114.521
1672772288.704409 118.751
1672772293.867484 114.360
1672772299.013724 105.985
1672772304.1442575 90.934
1672772309.2937922 110.362
1672772314.372145 40.237
1672772319.5039303 92.865
1672772324.6233234 99.772
1672772329.7737098 115.957
1672772334.8446016 32.303
1672772339.9851952 104.567
1672772345.13477 108.596
1672772350.285554 101.891
1672772355.3859797 52.388
1672772360.5467074 111.569
1672772365.6941926 108.932
1672772370.7738998 42.559
1672772375.905603 91.954
1672772381.033691 88.832
1672772386.1860378 113.195
1672772391.325105 102.108
1672772396.4651182 104.954
1672772401.5837128 86.164
1672772406.736876 114.286
1672772411.893641 114.900
1672772417.032563 98.700
1672772422.1840622 111.704
1672772427.3327641 108.847
1672772432.398109 43.562
1672772437.5431783 108.225
1672772442.703932 112.444
1672772447.8630545 120.547
1672772453.013377 112.214
1672772458.1831355 122.674
1672772463.3347473 110.284
1672772468.4262965 58.390
1672772473.5722547 107.903
1672772478.7125742 101.132
1672772483.8320773 97.549
1672772488.9840026 112.773
1672772494.1328242 109.312
1672772499.2739103 101.885
1672772504.4333014 119.587
1672772509.594219 113.033
1672772514.7553096 112.102
1672772519.9145403 110.904
1672772525.075896 114.082
1672772530.2346618 111.193
1672772535.4039876 121.423
1672772540.5480866 95.806
1672772545.714859 117.156
1672772550.877559 114.183
1672772556.034587 117.469
1672772561.3151436 243.370
1672772566.4651597 112.518
1672772571.5945947 96.746
1672772576.747045 110.833
1672772581.8934054 108.510
1672772587.0568254 115.232
1672772592.2166839 111.333
1672772597.3270767 62.708
1672772602.4781187 103.739
1672772607.6373088 122.057
1672772612.919397 240.589
1672772618.071269 101.174
1672772623.237592 118.493
1672772628.3979769 112.857
1672772633.5683413 123.289
1672772638.7102003 92.650
1672772643.85537 111.030
1672772648.9994755 105.893
1672772654.1151567 88.715
1672772659.277812 112.451
1672772664.4389668 115.436
1672772669.5972292 111.936
1672772674.6996799 56.287
1672772679.8391545 100.734
1672772684.9974716 118.492
1672772690.1587026 115.788
1672772695.3085773 120.816
1672772700.4576066 106.798
1672772705.5985568 103.385
