13.692537992279023
45.57984907888383
117.4216800430541
142.937544761441
171.6117416879609
43.81963913335845
44.452945317148796
89.72939267299488
178.26853052204586
37.11588984533754
18.61366485903911
54.17576843072753
114.02350985306404
64.71530790906449
29.498277576976296
69.76148640939923
71.88099418082709
127.82810946771359
87.37324825037531
122.9146321297402
51.304764937100636
140.09532648395145
104.51219603074746
35.82102927204563
95.85101713483697
79.99882000041076
117.2240580149867
46.71629027682726
14.355891950471412
50.989646443607285
61.82575460299772
145.8215840474447
50.846971001416975
157.16500018248257
63.55256623820337
123.51100528936068
68.91043015324328
155.7192818865427
124.03516833223826
26.132428327086554
15.587828802564191
141.57479569240053
128.68582360556516
133.81365888961716
175.67655101066865
143.98242457397814
91.29278729225062
114.77707299829495
1.51923397702078
147.27328506270402
134.24418531389634
153.96369073569505
171.67418586460025
88.76598434436991
88.181379233837
110.61733418998797
80.90661320130691
94.39801348276623
107.05006398809151
59.80803830210464
108.93294900012388
47.807555247084196
81.34495352533213
75.00446683204302
146.17393528591518
24.541994470009737
17.844000411284714
125.35499591002556
117.60005099277802
37.842900136292776
116.31236731221061
61.18584081774456
126.30488032890884
31.749042368305133
157.29304623026854
22.97362993251275
163.2217584878351
29.598631421679567
32.387452075621376
98.96012830689058
63.450201502763505
149.45145191422722
119.94300792113901
115.10403616909612
134.6386814587457
32.091854926116106
24.895677187683965
122.6704368774666
99.09423663699208
15.480863747464717
97.75599377115314
126.62123983295606
57.99924511766955
10.551722335068606
56.45182090122466
130.675259734345
59.29675475596541
84.41254094350727
44.403770544662855
63.74842078226216
70.02615744818424
131.9754065202753
75.80013532560896
37.50023888401589
169.24921343542243
61.921111355593645
89.63636217175372
105.17265839943926
189.18854731350802
87.54733961836988
74.93574603936892
146.710609584515
169.64283818943517
173.6239220714215
39.811634821155515
115.10390875635025
145.0247434693662
56.25024074500552
35.24632522678374
102.93313117891489
145.87396467605518
180.14241941466773
22.407643371394666
118.91078367876328
92.62662129321306
131.19807407820215
31.338685291138745
133.82631566919653
27.489953250994777
126.74561420927489
105.59498921690573
35.119293879848904
30.51709575531983
148.1290524721863
84.06091863302781
63.631257728931416
94.33612857395018
57.22367901237342
146.37527829567165
68.04000697454828
42.75104313861122
64.04131276059893
180.4196194107372
29.31217577837356
78.62417456216578
71.25277917683725
56.00391415069213
99.30816475146342
95.14250647586387
58.09646072208701
41.7564571887251
18.323056888549168
153.02763569797676
107.02660687991317
121.32515825450422
53.61851659175901
137.7848353659042
98.65089325176305
172.32498923117498
47.39428482344937
157.80984210056445
28.862014109673986
22.332714992018047
95.6143210726183
39.33308432723102
149.65186446423255
65.65732963171016
130.5717324817453
12.645547087846305
79.15843377300236
31.054734428514553
182.5521733714852
187.70337691195562
109.28504869984039
177.52334110120105
53.350870312738714
83.38792531593892
96.87544238355365
145.87899397595203
100.24740401836571
129.17488860917615
48.14508619748975
15.866681703543676
82.69322550597825
68.9978880851224
135.03553316674618
176.118340574408
147.3555963315379
51.467784555107784
136.94794824790645
86.05421140575167
145.41177344728064
127.92276477154016
163.43663561015833
170.29356083980676
87.14688823282515
190.9937137873717
150.2629713825084
43.28684265473298
82.54766769683579
141.68552145293276
25.052191820532496
173.88218118650164
146.95715600143507
64.43835353052454
54.907456638717456
125.2988200358475
17.66512085560436
78.9797370094531
43.65218745525576
110.30348507284715
17.479007186092716
27.190847673644974
39.73650591017504
52.921317538976325
39.18056027746377
154.2882250006558
42.62110420471923
67.9045503034683
127.48177584480588
2.6204561846648833
28.69747795819321
176.14400897092395
83.05281213507791
133.66599843383014
103.24272736753603
98.20295957188225
157.14805840528703
9.527102033206601
118.55623550346111
67.8217818754686
92.43403088798063
93.9011958830703
89.30451513679401
179.9432338331035
147.16072202921234
148.98547293926381
29.368667139585995
45.144320806344844
171.80891378313444
79.13573641067536
183.60667883540918
120.91087170667056
155.36045329451744
104.59058391627447
108.3160649108839
119.50694147712679
158.946512064444
95.88814182146824
166.3214581914009
22.69281713426373
127.42789459724011
124.97120615298132
118.5100148393681
43.20288379000029
107.99216340820436
33.14284488790343
118.58738124428955
40.76416489879733
75.07468549158291
117.73311051975236
66.9238964557048
36.682039485883365
62.195500472325634
96.32964373188715
57.47289075726515
10.538096779264237
24.75643537687914
120.74993349408507
70.50909959590439
95.32025262773105
34.97451130257395
117.90550177102583
104.39638433865171
115.64172918369692
156.98409064692265
95.19480653962935
136.90446931144663
78.82589421307523
121.64021059794193
80.62691393006152
166.13616942741706
164.40756564267062
32.64668906794866
45.05501010046774
64.50127235262585
173.31206443320144
133.2654419041719
130.5316510054104
49.9542820512287
81.04693387586593
74.08885531608047
150.68971872547448
92.4998095574868
89.47886096559166
107.79991990078172
85.584993403186
87.48935456260566
104.02331978951959
10.852046899930878
43.81912729881437
65.05510964358672
200.27906641558943
159.81098010766334
153.325691632151
59.35712783005041
26.13442190566612
140.23155156823668
97.26355776000163
107.54566029879399
50.97305696666907
70.85426856949626
49.297177626063664
56.96391345745872
44.563907613598225
131.79168003318597
98.40176270379519
57.603622267038524
29.620402764652194
170.30986101968725
95.3221002289715
167.22984995376962
95.85976255543405
66.79968990175138
84.10225219765428
90.69709062672013
143.9050004118522
42.99093678232731
50.06615958464673
134.76287807157055
60.45197053440367
65.40969133097383
55.72869132066566
26.936710501594074
124.61491773576324
135.54055622008767
123.78136896496765
105.02759711483361
105.3705972879816
134.08473515036914
81.68892340523772
31.46968486420607
193.70462412078786
94.1886584697917
174.48774894952686
173.08928186045358
46.87150978930296
150.5071567860708
67.27003418954367
51.33983571812934
124.46169273377822
75.68740336312068
151.42007439836877
120.19767876330562
86.59041810331628
41.99838529167556
167.38408622069306
32.0348164154393
87.96104405881438
21.19539340194723
45.846762789288924
88.06470824525843
115.51648637661482
113.25793817774671
106.01492541290207
56.47944289963039
34.72234928156724
109.6734595659328
12.246754610625384
156.6747605388875
57.94981658311903
119.9440958469316
49.04852146549709
147.82049553700114
23.27489600851181
60.89405532079113
69.5048365140623
77.60086187374343
186.1521902140354
37.235060647352476
116.29159287647629
60.79417719222441
78.17651765488525
32.03300942224428
145.73204144161508
38.9128961681076
123.71465238161386
138.65059880877865
98.83490887521288
28.504102179848278
49.898743481164225
116.64701289401944
103.78139275430162
38.35023510621446
167.9788445824445
97.44738538640561
48.074887365683054
122.61811339119632
22.330829126026437
171.38977804170773
93.37783891413363
80.13004086375143
156.80203493092685
124.98231176910303
111.4818613693362
57.252356880226706
65.23039602461022
148.44490001301116
12.274497249534406
87.48036184333368
75.04098544448048
131.58607392643762
136.0958797892747
79.37946750675246
163.67136180575204
43.65606369391552
148.4068241298626
100.00776619423546
9.32913251978534
33.17048205727239
89.47970559790514
158.6225761843724
20.24269624580437
113.18255323279112
64.52069813557792
118.6906067957483
148.45313931815076
79.91486406694501
92.39182021021442
85.11625527624584
87.24316903584061
95.86680150551261
53.3363728136087
183.1100446667557
130.51482650201206
73.53730630820144
137.6492337887011
102.27680396040746
69.76533820370864
42.11271978092782
127.58067705895425
13.18635811209421
154.1047711938729
35.404713104516865
85.81351624335525
50.61984374708224
14.410909864544868
51.99489941120717
62.72715614248523
153.79148751506085
46.46398260732368
82.17048358416626
56.54356954274438
155.6997280843594
33.39756133744222
46.4250837267487
99.33741225941104
55.5639703060636
19.78553149746821
167.48975703853324
114.03470599928629
81.55883507499584
102.28831002219123
114.36650282939749
106.86187887996654
92.31928266216126
126.8561709690936
86.19715528481667
33.89630007467053
22.19028328058834
23.072042745413956
167.75304312531958
100.02037474561409
190.04112007175124
117.55890896438409
79.77038772034588
122.02526027104874
75.10756529591433
54.73801323498332
43.831148959058844
175.2400363268874
140.06963154887552
118.49989512632523
119.30054136972426
35.203900408074084
78.1655248518499
45.43079193051851
156.0528555911282
91.3177207521117
16.938387201822287
1.802873602493558
72.08681046042666
116.01804425337161
87.27538685194116
11.680410350827827
97.26383731789116
46.97907420140056
149.7542085368768
26.81953227584477
150.68248238639157
107.98227868498562
47.57591223569767
58.80569692417345
172.9291855399004
101.29944271083741
226.34984917967566
120.74363275186428
94.71809494210046
129.30140085010981
118.21971879592488
102.714271940021
102.19830028386205
119.12733747902523
119.91909981383525
66.54407400004773
34.87783229865951
70.90945579600442
134.99432507446602
68.46184531723485
81.2482276505301
109.67767359117883
167.23665787372013
42.415412925010045
55.3556274703423
140.71634785947433
112.32497398956944
62.74580496147548
25.876899611914606
64.38930682209175
67.91103483956297
20.003503037517444
83.1757432582102
167.96240051341152
154.08780497158915
118.4080086491448
139.6016320791879
115.83943395492813
24.404515982157438
61.380555246564874
136.4311111048066
100.26691475391311
63.12035215449979
127.45852147863887
168.62681915923102
115.45613672451151
136.26540700759662
102.19953779217747
66.115491191095
67.5507290070922
34.76721360711005
147.38059379952972
87.60945191935912
68.73930362358033
90.73965655270564
188.46089028210272
142.5637035228876
110.0195052466071
63.0690043287626
74.98441018420581
128.682164109303
82.91770745411627
152.11029868792397
86.2245925189905
178.89591331255716
121.34375593458122
77.30064871198356
89.54753207728568
137.07039707946183
70.75054093715626
142.03376453497904
22.630712374966134
52.34530579187757
36.24310287471033
114.31865931177828
93.78041117735616
129.31396720771488
25.0942408109185
35.517026601654074
103.22792883243982
88.17308870671391
174.54963792470653
41.95082570618135
142.975231358349
106.03610530105693
198.2771574269767
83.67744466072469
45.11999461450031
109.116175350454
71.57082207372643
135.28021188485283
58.097628700534685
88.07497383922454
103.16739116066788
118.05658002143353
45.384078388470414
203.34986530676562
86.12054723453628
222.58358845942766
61.65863690130157
73.46471438194192
79.95673421527196
32.748881501205496
158.51042167109776
39.93222474262014
97.96519726104913
85.59698154003249
45.435980974389
101.81566060729196
146.30650008314495
131.99077895058946
84.21702491892951
113.6473749613276
56.250275116362424
53.16298782917973
53.37707403146641
82.39131689068492
139.96221164354665
58.199680394266764
18.866703246597957
136.2676425848265
75.5448490360917
85.29529783129449
145.42802829164793
100.77524096712544
142.6277274112994
125.201224970137
39.21390056824287
98.07817289377762
72.28277590212892
45.250920950953216
91.3067478594906
159.59602525316197
55.0845687629639
97.03355525488031
96.01932266552464
106.01028414865993
42.84649115059219
119.84014555786543
131.19888460018473
65.56034070902008
120.57200320285787
90.44092110777714
23.420843994098462
55.51667221239229
62.92215983678096
95.4763828497741
63.041305384204826
170.1710601857447
95.522046293282
151.19088089933652
157.9381035595794
66.99386771967875
118.57703858680185
107.55675157486034
146.20418807853233
68.44401585904983
167.50127426969948
52.04716991582333
23.837314453762193
34.62602884002441
101.15638457951412
91.36132987628652
144.33073527384042
132.44513695374138
150.22679872273886
72.29915295222821
99.4182196664974
149.35144773249021
149.65527096375598
90.13210255055833
80.4097629506826
87.04411039566355
76.76867614408269
87.30267857902133
61.36212915150266
24.09999909752756
49.867911207083814
39.81798825390967
166.1716282666472
32.307217665218225
108.2542587578409
94.36716474285949
140.84918303845237
29.62636269055175
90.02658870673017
43.20303776947287
123.02485395633876
68.7919092319409
190.35364578578722
60.31700865376912
42.27282256778523
34.41149137463765
91.30609936889878
119.82113101059093
49.64886263372862
151.1407234029847
51.90460491770772
61.40179242407614
103.94210745576524
191.4503818439172
103.0393999346843
172.57184224353662
94.84955853811074
28.001121126121365
67.88813100567188
162.27522047906263
48.258625994650416
88.29260047242956
76.74159027724518
124.61699535120371
127.09310103332388
17.64360508894947
35.6769283525179
64.11249623709176
93.05542191390435
209.50003315462044
63.43605832004031
117.95015466260531
85.68001949176197
40.12856591551984
88.57218868797854
94.0535934716356
84.50877716739753
36.930833407334745
85.5821866343818
99.39707440783513
85.17132084757385
105.93864000982255
60.93442852212169
84.95655922166668
80.91672883137142
93.252037806118
31.165905872516554
124.28363999370237
90.28988917657843
73.31276413657494
144.99039557131988
124.86303876852035
64.87541011989306
111.510215914112
25.167659408189575
50.8781618024735
135.45279060835065
87.10701581704376
130.09781794703946
71.84033898543208
84.68330389230036
145.63930956836873
50.36527514402035
48.338598985064394
111.65791109321349
77.22000406382185
176.35446039646143
158.60216476700953
89.72594497336398
112.72270697952314
86.83783532133073
75.8318299498836
127.80865600093995
90.26174941536252
32.58582925963382
137.84841204307793
120.03503680990663
65.9640731926991
19.244452195270085
64.6005083207028
31.569712323524733
93.70387519251472
47.051210595750774
46.01134478787748
72.37032855054258
97.5418634251908
132.84459419927538
71.05883610915701
183.40716843747734
131.59147395299783
98.97498868473365
99.1246524104475
84.94566619901066
156.0811066826437
112.00751749234432
112.61656392657883
115.50790770360476
40.50707844899594
108.81071228286751
27.76514552657531
100.6951620602135
82.1042873801925
39.56682480350045
79.69088323610939
88.87644835934411
175.83771861640966
87.20543200018999
47.9503197668913
72.46416860642401
111.08279446439582
129.45618220044034
18.502735761467882
103.3821267534066
144.27184032828492
74.31433272817897
177.3034688937578
33.82008626648181
149.61585213564385
149.99024826173746
27.226119594364132
177.13685343063537
158.0717636113966
67.34220316827184
90.63397651014013
188.76525496905853
110.61990629184774
89.47445049790053
116.56547906315635
30.55908393369976
92.05579380816637
142.81293859808397
103.34499969229182
77.48627188017663
126.8001479946782
16.8833340658049
94.13133345024322
85.1296053766374
138.08622015481893
158.93988579468467
156.79258605283565
121.79593085638308
70.87872142406492
147.1048280351386
91.42681642125447
113.55329185716168
106.33016799178624
62.30950088749699
160.84720946398073
99.83234377648085
76.90901289793271
81.95778798527172
165.92811155437863
98.4493202520586
70.10027375804572
108.96710337733633
119.73234445552883
55.292446615554546
103.61915041072601
81.71972665427886
38.22799544993366
92.95038398598524
148.29389433616444
43.69711806181032
14.421516933632555
50.657440013004056
68.3823506967123
96.33298342014524
130.27644291975827
91.76940647245343
85.6392096817073
116.6673289147648
80.26645446592654
67.24824008813133
94.46348443576161
117.31538754301404
81.65155106485702
118.87416519089241
18.613308677693833
74.74650891323233
49.163064501145534
105.27385155480847
147.96533204314537
22.926839501140048
57.257454593785674
86.8943505354503
34.219369866744906
154.88291659988403
49.26837146940926
53.692320466905706
90.27964395665742
71.09731407879745
59.21792106022948
104.82752389826493
97.7561073522779
17.53395628691212
57.993097114127465
63.947350354764005
61.867577853445134
94.54261121995806
166.14566841219283
61.39609675067738
153.39072444667812
10.07191982622228
123.88983246885732
92.30922704347786
79.15495859036025
47.08489777512313
56.38847671015733
127.56415239617816
120.63359225566755
124.33940665466561
60.489192392597886
101.95322324407275
56.36394680714243
133.64803723692515
118.05765336180929
99.40493828007914
59.66674353568846
49.070832868010335
85.10454608092905
89.00436007144664
145.25515588890804
104.74690083606556
134.4684231962728
79.09296225343692
17.26500925451146
129.3067853409235
78.95461826432982
147.0709212285457
80.07881849664672
64.36670917532658
99.87384425921265
28.87583049775826
62.46955286442133
111.47805366502858
113.4684874445226
58.69095447861741
88.36412099992458
216.2473562685842
101.83774303030476
128.42161164049915
84.2661584127119
108.866538981921
179.6504802662012
72.67772005924891
55.99269098787615
128.1989665747634
99.12511444119683
24.569142743112952
137.87667620779763
95.30059557635656
88.59509552935884
2.5262509031609235
141.76005185425862
87.04462769832494
122.71395192545201
20.100858015455092
198.4958204756729
70.50363397236242
118.58544931389486
112.68756524186128
107.80749888029301
106.30840961533569
107.64890332707125
70.3336983205063
126.43280658413744
100.4600319711979
52.70867238509442
132.52493655958602
60.80116301701266
113.11518557678963
128.54403834881992
103.3216476691234
101.98565857716228
83.99482634302463
119.32427675013169
105.62561837409054
85.89082704789287
41.65709975716578
35.48557863362036
158.87644730729326
88.98765555798367
119.64116929892455
124.94972933009565
49.77078636195731
58.8554495425251
63.997776078257814
54.86608542759138
143.29867360240357
102.87251303765332
191.8323534649696
131.21528574656602
104.20361683887853
114.08684383156843
94.11464750220755
66.21373505794323
103.38241424127693
146.8834429647735
60.44127796876885
65.08663299518331
53.88821174923684
82.31468333189882
115.82504765673649
78.21619182333986
95.5199762699653
111.21569048257456
107.3826066943543
92.60904215049587
116.26108468122199
114.7191541134772
41.924583468561764
58.352570725103355
76.97353427167462
125.17075478494397
108.5868918185403
35.040984068201226
73.21802651104437
67.22920894804338
89.9776007573263
67.69455826583986
164.89581976160653
88.94076064173541
192.7859345738278
125.05322363956897
141.61065013129337
51.813489232454295
89.05072424271849
154.83567041374852
113.68044394252236
197.3193648048491
135.25951671470045
65.37748216704156
26.79202837676675
140.84157365080995
86.14626280427187
110.28444736061626
60.80452791105009
58.720147169547246
76.13524494849477
49.45356958480132
119.9521690985254
151.9908212704464
127.31826049488505
23.427996825740706
111.97526169141202
136.66117848673977
61.97039272031678
177.5859648120533
66.035436233601
68.59385809284531
98.9170562787454
181.1110586909729
58.78303077606303
100.05256087341901
137.97857401398605
88.17157541191703
46.3195142237572
72.49647307087372
152.84813314467996
84.20687019023194
140.4099107947095
47.36155080322995
188.59668300088381
135.29115549177632
65.40337126421478
126.73884224084162
90.3212703673862
113.77575594352898
114.31521814688412
107.20570000166796
174.71863421524566
97.04576259481654
149.3339592396161
126.61094251065443
75.40343634037274
122.4989334651111
80.14510754406307
117.11390830449463
114.91331990759821
106.64123609656768
138.36982175185355
63.059175928537535
130.06396171473506
27.661803215745774
96.67627751219395
134.90462996494415
15.357899918030428
90.72762591807454
61.834425957735334
65.29802279071026
119.8316250564795
104.2871133560869
44.448304927387134
167.38766556288076
91.67547415199301
165.53668443299495
58.69834737012923
104.7282080330637
147.53260465711256
32.06720129263275
91.34616995107986
91.53308922800602
118.49703101753389
147.94561904160295
66.77584370247122
169.49983939312114
59.83922100352604
116.36436258564349
57.759902137215576
161.59121191483823
128.4389866012319
89.00067491563735
105.16219644825729
83.17020488500171
89.64313221689312
105.16523892859387
93.98532149031223
32.16760428258323
60.758356113519135
98.83078543483808
100.62357344194274
159.749072093369
112.91772176211846
94.66507656574542
106.017374207645
130.81882313138726
62.546108643381274
128.16695181793497
52.94150716106636
124.05937692373436
101.90493132509329
205.2333004339793
94.0007693486
156.27265806153568
35.85507197386037
84.28305438455091
55.48118467084293
170.2098045566473
110.03758494608329
44.13306352048325
112.33211986456793
36.24035386252925
175.31048814509091
102.31916515073344
147.56221378460472
29.545833405408747
87.2876179285285
30.710676307605212
127.80352077755265
47.864132749637804
107.29462802552915
40.30242577540501
59.394231853858436
27.501797701255555
30.59731530190816
141.97241803304914
75.83369428033627
24.705809420985307
99.64427225986013
74.19076052733469
124.23769291458531
42.25452914186659
144.3350651393229
71.15328044508614
100.90828982414799
82.56865009775703
58.51098046094665
105.10633210259132
26.662961579303897
154.24941739971624
112.09805873771658
101.15863912887748
53.28219019264963
159.63358161163228
99.36318813351052
72.79794022058144
66.05633598307901
31.32340038400966
75.5634892206758
128.8019338389827
151.29077838045558
43.708008437926644
98.43480131030438
88.98038466294996
154.87152278298487
144.8307348081393
75.55399354827605
23.30033819336404
140.43889648607083
45.442818926866735
39.75553920829892
14.760137453248651
118.33008017634512
23.074481466344977
45.061048415755636
72.00083600705
89.11878511770726
141.11466810310415
55.103605375058414
75.03951623943365
92.43552759450975
136.0268829588418
116.61003663684473
75.73254761935857
5.28211573747704
100.45108049212797
20.73831474409819
38.666550050176554
99.85742644729886
112.76870145541791
89.5057201189335
108.07351467931196
77.27582348281777
87.57534706448531
70.64845227428297
132.89543065810759
103.10347456962947
87.10132792607503
132.09934785152575
60.8331890735859
171.11146139494207
114.14041562307737
134.4911745145848
61.98449311168711
41.29043310792403
37.668613045484534
53.12190344934095
124.60959308322684
20.389084025568966
41.884277559484815
116.88794678364853
90.84966282020652
72.23743857043584
67.11156690157907
60.3653381099762
80.77894195375383
16.30323796825423
109.8068172867574
125.67671542114037
114.00622527252504
115.4829013707589
17.89115098245371
106.97479749206795
83.38932752183467
13.682424506975241
65.79109049735332
200.60101107176777
78.91347329780766
65.32413888204496
37.63644370133646
46.7205538474492
36.2072250637986
106.17743067160724
88.49290898098216
61.89665844110084
109.84227150045096
76.0827397798623
118.43312597676899
109.03544187839188
61.753955814296894
90.44299697792466
76.56896867461548
149.13869252588546
98.57790100233784
100.42994022348542
73.91379095503683
89.35811243490905
78.42833447977696
103.87036830418657
18.6638076364608
65.69008412716698
83.39697350795521
66.05216468934292
84.16712865346139
60.64018352992187
57.37549958088186
129.54470937130208
103.56192975894561
85.79674383163082
93.21721719761
96.43412374130125
98.32874181361959
100.63766636649198
161.75254193211802
88.40905632306252
97.72029643821938
85.3708510961486
88.17134808116074
134.75363028498327
66.11473952070702
137.65440992535824
34.911206501685996
128.69307396659914
112.03687168649445
30.618572436243216
51.24950438118208
84.60288461560206
44.200490581537046
128.15809954668185
26.16693507330231
27.823917637371746
126.49959767414063
52.67905394469533
48.170229420847605
72.83035590069223
27.089894520635276
65.52519432594957
156.00758138776916
164.68016884153857
32.03750651746158
19.05348209749062
91.54916101056679
105.40491822887263
64.46881933401878
17.88993215291128
182.85003291158768
158.49670578071192
79.56700849011115
121.87087644195947
86.25635133888333
126.03182030462368
9.524025306973604
123.2466900832669
107.61044427262551
54.39822827151064
94.58200030318899
147.03606147700748
58.34744681738809
164.3252406307236
46.63046379913315
99.9184284956614
171.64873253145603
79.04186430781077
60.66399360098023
17.340183798760304
37.63470574065425
102.04854309926523
36.18347703125905
118.47516491177262
118.5828887747452
170.3029844886734
181.22270212369466
57.74120739565388
12.79552795824392
59.81066991172004
53.71307056861408
90.37779320990617
76.4574996429242
103.32749568778046
111.87116415263226
38.55577416189052
51.63008485617519
54.96223488520738
58.85552077418868
48.309691705598325
104.52048650240623
18.78654810925574
49.78388834737783
106.51765844210304
116.20367715116421
84.84203897327511
91.43970203038242
107.73523804581454
115.93869978423663
54.29363490959503
59.853572307509275
20.522377767518563
41.12239719756549
163.97155469658838
102.6897530069293
27.17641591676833
146.14266405862273
71.06848928029004
67.85517250758329
13.42521043991869
98.61443837841315
127.62638710863465
104.4417537341905
191.76616289207004
50.829783886521824
19.399818641247872
115.5261612214422
163.24903485698314
28.213268058152664
164.1007453573282
106.01406586715333
197.66218282583196
55.80644278983094
121.55441396773048
110.51024116170704
11.25055071904403
29.947862406961608
2.2097000046367437
46.2484431214743
31.704013197130614
147.68985066636
190.6806206342296
74.23411015843404
66.49819623487737
152.8601302686583
122.43716195808567
19.08918155932561
126.6349363775586
94.90610197105244
116.29925555003217
156.14719055265908
105.51643449814522
48.95937475770054
62.55041443776998
197.9554936048499
126.50357494638217
127.33291749795644
120.88069849582182
119.83909295471214
31.384849591729022
163.46583897647054
170.32978932108588
84.73834795682892
47.84454623585352
30.653975971787087
165.96809048695874
137.49151607822142
18.913834903655424
15.48711959080204
91.36462468542625
63.91415723374669
176.6143364433896
195.07545996831865
77.44708551627062
97.18460910616369
13.151894125475001
81.16851727966213
47.82804606862979
36.700319496577954
115.32858734500587
131.07052836852316
42.35627316168118
54.24566461280416
55.59796740319605
52.355511875068295
11.951151746320182
103.6410009606661
62.7756811594925
27.507391401355736
61.68165858008096
119.44575485793906
146.85244316304494
127.45181477921746
140.63150408468772
51.54382076535159
130.51766766253252
162.67915628285343
1.9099761199210423
92.26191924446144
149.75975576718298
16.615288453929516
183.81698665038655
38.01722560901449
22.883781804209768
118.43056508821479
145.50049278123026
59.564805265148564
77.79235104149782
103.42639440206902
120.36008188752761
112.05689796578669
122.34565067555562
150.91391654968203
135.71740512303342
87.4870654959837
53.03231698580671
99.16534764944491
124.11299606730374
132.86497882968064
116.80984405855087
39.25990677928634
134.61836686588566
87.97706275394569
113.85206095667712
11.30867336543411
108.48641344731304
2.007530348406003
184.35047768871496
155.3629902049706
117.04501008937851
34.13894470271468
18.570025506590774
92.43416988572446
67.03004405824986
162.12408581027296
129.5514766797561
130.18179896503625
98.6171244298821
49.164118204952615
132.62162957261404
110.540016868674
53.02987359112797
22.351152469879498
82.54516381385196
11.899641463310177
125.35191468178628
168.61751876642398
189.03181839483818
52.381156197615034
160.55513219966218
95.15879732878709
168.82962090116277
31.5649535025848
122.01296011020007
78.34919973904033
189.29202291398414
113.71283444749157
14.032481123107164
26.463465372648788
122.02093693941032
156.5912633972083
46.55564672221449
37.92435759925742
26.76885995071408
101.6824665178116
166.1131095233734
92.56325773227202
123.81128334303146
21.86882954157795
116.04182814061791
114.31262287216717
131.33500039039114
142.17429676919252
162.66305905113822
45.394711385271535
154.62702120332713
150.70970733216052
126.41581090944678
145.86676585441367
30.375956560710765
157.37616413658264
57.017119491516034
31.54429594707664
23.224673733795075
56.53444584571246
58.25137871934694
60.76897287138649
66.90706424865158
141.38296916029148
131.60558043149916
68.7511901617957
120.82215117919408
56.92024017751353
107.46314912084995
128.81862358987848
177.27893331866719
169.45274717675107
68.45827505284846
56.22812715548108
49.888128248481266
26.8944835016334
100.44476517348947
71.94869812526238
28.73356140100683
107.92484830323627
146.9466839951074
50.54021439384043
1.959170070019747
35.577846548491216
41.65170891497014
84.19332448898287
121.34139343637258
66.18229933396111
74.02155961571461
158.64214942612793
89.12081140397017
65.52836749700585
77.64802135894297
180.6729396746349
66.944345000257
126.85808685423747
39.888361866585115
56.411653566320076
64.59876918312854
131.33972265337295
104.0838116704697
43.388512031360875
143.0754249370012
112.9827179344355
67.71148562521694
20.76149221453528
108.66189639383774
78.13166729698865
90.11681700760815
88.7782419194268
57.58285651277895
157.7438085509002
82.1402986868022
21.79558955798122
67.143443477682
84.47504502965253
11.564476378825152
86.24019878400321
83.62696464632
123.73022820896166
71.85111211581928
122.26474374853225
142.67034880600536
58.46561098265481
80.72473481952743
136.5475455070126
17.474433553080612
94.0776475613167
140.00934650706932
38.494357891684494
140.84216013011005
107.28965428878445
163.07308164950382
34.36685431936709
101.8433032356181
14.146717410833418
28.336831958299214
159.96736248242235
88.16819773264757
101.2201597145449
86.35957777585841
113.90089129369868
19.261702774336573
108.32414441665577
73.13066673231792
134.75760933055693
104.52743761441509
64.62188883122825
13.887267497555793
114.32885488971834
60.58090821478141
182.61960977011967
153.9193031853588
88.25453680641445
91.42803074124957
31.973433169132747
36.75479769807317
52.3538546798982
40.38181017823341
112.01833063204406
53.77649921708379
43.90628786300854
97.52799254406585
178.45548440356612
145.1174678901685
86.12644713990899
115.19504743613044
65.79263848216341
99.09773289046939
150.0204401838867
114.24587780023968
87.37977119237179
89.63665506746133
161.91116198228582
144.2169696990542
38.659050773681315
125.70145746231529
80.8476335881828
21.84453594555137
127.58682059142451
18.76418788174881
78.69012885249045
95.06032240760845
41.686102716600814
179.995197123296
21.980476445099384
145.57022420440725
19.80102763587913
181.13231066866405
59.1147189577996
47.32444033480915
84.83160860280769
53.61588785330184
101.175743743585
162.83616473804375
30.6974500399166
2.175755112089795
148.23874325631903
92.50451805801474
27.56784746513906
154.47585440251538
47.25018603377087
126.47143336363403
110.57957466895999
176.12637766256873
160.018288842973
34.186008353217844
112.40804471931695
49.35731926022191
75.84926583105242
112.2749676026977
81.44406591251793
153.56321447102403
39.899342344672576
130.68896366534284
72.86131525979063
73.04326734121506
86.14716061892793
139.48035422911704
70.0388439958553
152.00603379942692
164.2141318911454
2.415775609247955
47.83901275104603
54.105604549271725
78.81713910820176
169.87959784732834
164.89459635388656
182.36851141924683
91.8696470553268
110.17155796925425
75.26362610735741
100.87851639307229
89.77758106538965
127.19126305657575
130.55509026049333
35.016125576425104
61.23958753943188
113.73723966074786
14.484559201054633
66.21161282235526
134.21179285254354
95.66870819337277
118.26372447271397
51.54381759824055
31.661389148580568
46.23127501098569
45.749749878365
175.05905018643747
156.44545617275134
148.3494187098432
79.82892434969455
37.40198450653718
105.29348570493747
79.66327346658666
80.08008825749552
48.21745064299601
86.22359763629917
105.43224798620071
75.1673071155278
49.59572889990532
193.69067370260885
118.07116198489284
20.416949741963
1.9915686456984876
100.31634692342706
184.62346875585106
111.37713910612104
22.93422538215244
76.69390171768516
159.77364802437899
58.700700245102304
63.19410428444545
110.19376367513095
160.31756501700025
154.20442851790247
40.54838527666973
63.91068811745436
91.51061803855785
121.50755989276749
169.68181943294428
131.19603399894177
120.69324323141556
181.16272625679224
149.82363039556884
115.05219687953247
128.5786626874566
106.40875683941162
53.511823603081886
122.75991977776917
85.60502481874596
55.415233751048426
63.91311349420748
120.08259768375162
66.63977577271237
100.84031036232281
151.67209197950933
160.7216268380744
188.49758127629497
30.966590620485327
48.41457047347256
142.0417749635138
182.15425051418885
52.26552547917132
44.635233630382736
194.82382354373195
14.966571196498416
87.98818894657242
197.05666473379904
133.77329798859117
19.333095039468628
117.73500065498222
163.22975707487217
99.41436264490812
47.80660540987969
76.23441221329298
172.04438074007373
89.88431600124208
2.06541876247203
58.92192261702542
66.36347421094649
106.50104445018171
144.01788721707717
83.05290742952337
169.97730543568136
82.23038273028236
23.942959813695836
35.40249167774507
126.50778460019116
156.98450689675536
97.14871924816889
87.9498534249878
70.00656466351501
126.37157112416563
12.459356359195993
66.18536211160892
205.2362612466438
180.88049314210028
126.23988334646653
50.22771794243563
40.648636142433624
146.78367902548013
25.122801803288937
18.398549972654216
154.6281125843535
36.558987537458165
112.84346034605746
103.32129331021682
44.8446051711537
98.98135272838441
120.98916980448425
104.69629997262311
13.630859275923706
1.504183062055273
127.62220901561237
175.20582247574245
172.07730597804363
93.45596565542215
37.22714778248538
128.07360849807188
69.1108085487067
2.484876836647757
110.46408738724686
155.56563533570377
67.6629633824015
168.82922027142146
102.14235440132533
105.97822122492262
149.49879981087636
14.983419772206862
150.31280881756737
108.35352321558751
106.62722556649047
26.323713479833724
70.88033156644002
202.36720428372513
84.30627443272539
116.98137042276258
25.336179963442397
28.204926186507027
103.24805728312724
184.88596790134275
124.53076791489353
151.8120024976404
96.39705013741772
97.78086443772462
90.78861596384226
37.35281218224905
141.14345405078268
126.13408103903846
138.35777800987785
32.34247120977453
12.281347699589748
67.68765037835367
108.77191499540847
91.67771361572906
28.878220756288645
100.64016202836483
110.32353593240296
17.605632597095113
83.46786932706004
167.63592741563957
22.54746496492528
91.4217804951225
186.40420138627812
137.91776631945442
54.555358863420146
106.23027270635518
24.13200599594956
139.26602900931127
12.34561463743925
154.29656806716656
130.71893380852615
153.04197986714124
178.00745256955767
100.17972843830583
90.55171628797274
106.73859511773756
144.85382855264288
133.617910751572
49.49855258266015
124.04980502183206
17.059631749745094
113.25459739092904
30.649390764517364
181.89944983649903
129.46101666092986
14.340166604595817
121.23946281259397
32.955613890100736
56.11321884992707
177.06030598080943
121.319992174719
25.88694766161096
2.05102304729043
151.28194178490057
189.85170015324712
47.181427408441486
116.5911953236464
91.98273322809248
126.16237233764393
22.37509639076335
81.55039711498952
60.85940906135414
1.8681877844335424
164.71317981304003
133.27908234056744
107.03899332469051
44.7116133897162
25.15042627005945
92.49479786904372
142.9624729884414
183.3916709057465
20.99222475920137
195.65876216025094
59.12469264363716
118.29599960902078
70.70722021197922
101.25006941988643
114.92075823041557
128.19116021301625
35.550794447870956
76.58947728044315
41.161691250800935
59.70235369013063
122.80396382597229
12.262579435851988
37.357457488441725
196.21586632767674
56.66826704137886
133.92665154767298
120.20369297613925
156.8112732506831
83.14745287994985
101.34498272075321
121.59048078881446
76.76289046430182
193.96587351496507
116.00310709236474
56.728582618497015
103.18209426884738
117.11798880419417
47.344948549736905
57.82094445698934
89.70167614021379
111.55580969124684
157.90790461753448
43.88284053895778
38.405500335778434
134.4788021880342
125.24419719217651
169.45234337028356
110.3767973412939
75.12863507748197
140.28928319654963
83.7132175555456
114.69008947506697
70.28979237213012
77.75874171994968
82.83283955564326
159.41371299728308
69.41023030753138
159.6165969177434
170.34558177635824
135.94297358254462
80.32375120331393
36.92707441141482
105.97448153663477
55.5457428393125
107.04086252754054
121.76795879851223
106.96504499641634
143.67167468106442
104.95599347648984
62.655757286216335
190.17061953110453
127.60306840414557
160.28845483663926
85.0017416183984
59.76353726307308
78.39796340722637
151.83469376840785
63.16285787229515
22.402437411227417
154.27079274840165
66.80819906979538
80.1804860197042
50.455445307165064
168.0315194858583
171.65360450084393
30.75642071803198
112.47794929875748
193.11074537772652
58.505829117748334
105.37593227373719
66.59883455748124
21.975041948366986
122.1280931697018
36.04669951585683
99.65195127887597
139.36560550310222
177.55308617177226
130.16874339055065
132.39904193279344
86.94201647031706
144.77580957088475
37.258239998741445
101.82011770074956
25.402336319010022
144.17762603510275
176.3682367470627
163.06326930573078
112.81295810499773
67.86940100812826
79.52366916622879
114.67948558715513
124.82321799665108
69.90713759279792
36.24498748284991
209.35294425200817
64.15765592769478
82.14016190431668
164.69273589333073
92.82839512340111
118.04192024187151
85.21255472060803
116.35890340589035
21.644192534575662
17.236239448544307
24.714239473340843
52.269064712254774
57.45850105660826
58.58477197390003
148.85406949188763
79.5835468478874
83.27999624229729
30.60965534517798
147.32320574065093
18.887752115543485
111.02327837152099
90.4153693909625
52.97793549556591
66.9269612293635
43.60364208629646
111.28435281707473
164.08818247462958
82.53821948806493
112.12406576326616
98.6402007774506
129.21339475072918
125.53682559655492
138.21579256982284
19.863738538497294
68.5312130682002
65.22269803275536
128.0000635071116
128.56632691125773
119.84950964180031
62.48310779958472
28.183528775656534
49.81408831034387
68.83819344992969
92.5607915003538
115.65886858580818
137.64883043626676
136.15360274412402
88.94545577807983
97.76756721274184
162.67298806435133
63.77222916267861
43.488897576375074
110.45029795068832
66.20402032871867
72.18755502439537
139.8118728624609
73.75064598571088
93.02556077204056
54.88978649345392
57.36470513628288
190.11901837930196
222.61767291267194
135.03688996346918
111.82147663826282
159.48339035668056
139.80834145642368
97.48416909181692
149.09941575840193
2.1824427421293335
77.43676116158176
48.499897782892276
86.75940012683371
112.64974076220031
68.31051589901551
100.79545858321333
111.28022418542582
84.25696250821105
108.81089501675372
83.24528687843895
80.55994899663413
102.47060067403281
143.90597966783642
93.6005663207678
62.942543556596426
72.45688093104069
41.79092985346208
14.324161139613265
62.19194587267059
90.72485346612108
34.203809908048555
107.88921814514134
115.6989218115163
146.36775129784445
81.86145569373744
87.37506848119418
131.36352793208215
42.8850943274903
117.4455134208592
62.35639283070506
37.6911750895171
139.50325962115173
84.0575802248754
16.54599158761561
51.6590533075831
21.700254107058107
116.69253121750307
115.3039313342418
83.63718478136128
145.7868445246747
111.82837746166089
58.92517346693949
131.82278233522334
40.63984082104698
138.12388930390318
53.14158992044905
41.649601688019224
71.24611813622862
142.6191569429863
105.72540577693128
67.44542662706951
81.76619915928582
114.4077878324406
31.6151098281092
25.646836943577778
58.44436022453511
99.41141524274923
15.341882813577644
118.06982806142331
130.94394110940559
57.32368462297114
62.33853336218793
131.2134422284029
2.044680867285143
146.28382392430075
125.87054611095694
48.6268597323797
20.940307446003857
104.4360784657125
53.40833240675865
30.748933067014335
111.68141680069043
67.42104405639296
121.5784375253723
75.52733682362776
97.58167155122233
87.61776021904912
40.69424443473687
75.21928466219487
113.27600307558585
98.80950121227228
40.26210789750314
24.99089758363332
35.04732975700753
134.75767021543248
60.63290100883828
14.11838018922751
82.85862743973658
43.36215029447348
46.538671975711075
32.94624669520088
72.01997691332711
78.95274309994159
79.75634247163929
59.676833600283274
80.84937521818185
33.55514583958941
80.18098368261926
55.78128984361569
12.07167608763519
85.15420236908528
87.31914234916174
84.83983497551029
32.7383005506719
99.50038640304398
71.19163242987975
46.9251276016119
64.18589273795551
58.86577363463628
25.47153187447613
79.94398026416795
38.881687080962784
82.1553083426013
64.08316368096465
23.141303560757617
76.96626327242907
70.60090550500064
42.446857050413016
124.88813494116354
52.181516750383196
68.19378748718526
85.20753096592897
62.35454547499003
55.5622518130319
47.67057931836689
58.63172464260521
93.66241353848389
58.18601347851444
83.56522715817896
112.33897368449732
45.18338392561632
62.703265482540544
83.24851386823451
22.531323242112446
23.505150248867338
60.69231117795014
60.06193434247078
69.23396736123169
74.02911893788772
68.82659907148118
31.667070308810885
123.80711290079527
47.34664656063977
57.947880650559085
87.82722109927252
117.23176266466187
35.85795881852357
25.584965257131845
54.55976374183375
111.84383472149707
56.90295782718358
66.53677843360641
72.51876866582904
68.5075159460795
37.519188436583654
53.80812844170372
67.0022352692467
25.679904526047327
86.129092808329
67.87116924348527
46.86217190102952
83.13270006345175
53.43014249237576
24.8773383829375
96.69170081454523
51.39988233555133
111.38619547018182
59.940510952077055
56.521568182872876
64.06338130237172
69.59464241926365
110.93522933131409
67.11871219440286
72.03607457437964
45.1365549308564
119.09896896139816
76.84457810862598
44.57221045858229
88.07247517292129
75.1955644125301
51.38467055962071
55.383682953997486
23.237381310030678
56.865844010520625
147.23214417807964
51.720654287255435
15.923111385762816
100.66949863790538
90.82248474253659
74.65253961447104
135.69529692273662
55.200283585297015
84.0483913905551
43.763133786328
47.63713688670063
71.17026807480653
31.523174486257957
56.14648049918658
41.33325084733205
86.15644033585514
128.4339796354158
64.2284743453095
75.22430565114068
56.549794040295176
75.23602672484178
99.13041574011143
23.97774298842907
63.43650073195431
78.09631583665526
57.68842408030012
110.23917912201534
68.82416649928844
59.09442101910245
74.7333515636539
83.79261980668312
25.96901434161802
46.27273957238837
55.13844716519883
101.52251435742707
67.82568984128977
27.6049325970626
58.204475287916864
46.16755441298788
78.58973192869425
101.410496779877
52.07691185160166
63.659565789713895
102.15862896122746
143.57683054073902
101.6799067242806
43.0824656786219
189.24523560559825
159.00206204684454
74.46397802180732
99.9366125371247
63.544743201807215
69.06569721938968
50.622966294594
68.4098825477058
18.87174644888688
141.4240519076361
120.4339297893864
73.97606701717899
73.17279224091276
108.85868334435446
56.85347411231687
123.45613268504597
65.2081182346835
83.72125303744014
42.61407494581279
150.02180748967783
93.09755062553427
47.71802506378756
48.0754624000522
58.22099820365064
75.54383762170691
79.96523694662316
98.63678211079046
32.3750685531957
33.75912832243868
78.04661598512531
103.39905622489269
101.53277041995773
77.36418258220995
17.554593048237738
131.82310212831058
98.57481193234565
34.59166942557856
45.86792176529646
95.46226475955808
31.4511752175483
89.00191160337397
91.94320977742862
24.087576834502784
79.8042566563281
101.30528644297239
61.22190631448876
41.550693930384334
102.46281149282328
114.83443593490833
63.058965652079955
75.66768527335022
62.031895261626595
103.80257112350581
86.0151264088724
66.16222001740086
77.52304863593999
21.80345084896131
65.56807107080557
57.28664183465316
47.12772859345585
70.60029728435825
70.77634770729358
81.24165063835699
119.00233648445202
71.40931467538361
151.46928593056583
120.13107659920554
41.469875453451216
129.43069529364794
122.0254241301924
48.26829483116203
172.07730046263987
34.47710485836696
93.3034314362814
88.71761144022098
49.96554924648063
64.29480679842831
116.76547368319771
26.217180613633946
87.71395957255294
85.2556549623603
35.11118540532105
66.17724512122605
153.2205901613534
39.52931651381903
35.403863180253175
88.75651070396079
95.06389100245454
68.74870436437716
101.52766477595668
51.34521348768168
90.5161351366129
80.75206491746849
12.281968859505668
72.24985567447341
104.20329938299581
86.41605436021614
37.431211732293626
20.633479310618167
49.17018670276229
75.99853417851484
116.21011544985751
128.56360852274184
69.352411942978
47.29116420543364
35.37136820744681
98.2535547335709
115.8946869818643
131.7094554032879
117.56042641966066
80.27690200744755
32.48402078444781
58.06524427278345
52.94528787553464
30.17665260340591
73.64884909999013
2.1649530973553315
68.8798289425117
68.77872171886769
70.74015839993092
43.92139707468785
88.76304937101094
110.1874346281706
97.8429428056245
68.30721016688005
30.87028401900141
105.10595321457018
60.30080896763453
61.892663612957286
116.1966150928844
93.40790904984482
59.589797794907646
134.62038615704535
124.2754055586492
93.2079227258768
61.967823414884485
52.27896654185128
86.03497980411485
74.3921305522681
80.23375682382893
66.12201121574954
24.96791092910006
67.21351290227874
64.03285100589244
79.36165172512382
68.31035789277449
146.56430349763914
80.02982973681678
85.40299044877067
74.26948919713968
50.54348065858847
82.04294427387295
112.22273528821042
107.3698526033239
154.8387763354125
35.090981988178505
79.03423311372838
45.099816799406796
43.76103053978391
70.32201081329508
95.05436137068364
85.22038537414734
91.61946011597726
87.14263221814136
34.61372747367875
28.178107553624933
43.64521208207824
77.88511394464734
10.52562334298097
18.746752037406974
43.967995949697396
100.14778478334804
96.82834926052966
25.434523785216797
87.52846696251078
64.53395509384926
62.1226465903511
16.191794622010548
54.25005190916903
74.49797372100048
99.63644747392856
10.126870939368473
91.33411222568543
113.48306121977869
60.20111751810573
101.79673161604899
113.03515919061594
70.2299195397231
83.29854446731817
86.03886083751999
40.450476734798414
48.171946286560974
76.1692196725126
67.26563061330675
15.602879918423591
57.95806309793132
64.8847070014734
42.16026334259516
120.48416672816857
54.5396526504877
12.120939133161288
14.325450336692867
12.560306684014037
38.66505639239237
71.27279012642641
59.85062284032303
58.31223009740511
9.451300953612067
18.25300157050453
89.50646857599794
53.349301052345616
50.009827542719364
26.225119233210382
12.614931745246535
53.91737895736451
13.20579997937758
65.05195260552301
23.715094596863395
24.69976581842478
50.0819047035401
55.98264196728419
43.82475941723005
73.05719518794102
106.86462355576089
92.15944468225237
53.73777977455325
20.708539877090164
34.90662093661365
88.44045431147181
54.352369920258035
35.13528384393811
48.06813115896104
52.68178022892128
100.37339137297964
18.106638556039623
126.14474751187885
97.54526160902566
67.64787915548453
109.68156970507644
19.252659031137153
88.81816022262947
87.2789390996961
104.2581510223765
160.3243584143679
74.64905360266641
124.54818735316113
98.49709499395297
93.2086557661147
125.7263475411965
69.08546821005841
107.38231289477375
95.43145434831374
113.4911875105087
67.34256952701925
2.1622123064230583
44.032864132108735
146.9766292647192
58.980467139102174
34.777878546513826
59.29802190037761
111.27485401807846
99.4908537384423
121.23607152118383
52.417996374524186
139.19645614093997
39.43664971669653
169.70196803683166
57.13016473290236
159.59200140944407
162.33719615346197
128.71205097035931
94.34534207140634
151.45667810411888
85.10209253753884
146.0595292756913
120.1313362137406
150.49686348412536
130.7386929695492
83.8386535609631
61.865656211224625
26.211460420549816
77.6890627694705
31.568824969224853
7.873812489946816
114.77711036978904
36.724166998244556
64.17975140925792
62.41351475053236
208.36165250913928
89.7195378661827
68.96353158150566
116.57290561834809
99.65327109564664
205.88675714383132
2.144065385375447
129.04104358719826
60.117522368736395
130.4357366104068
105.93078141549384
95.86712372878462
132.3526501887556
131.39861609001068
79.74898037476575
14.413946616777984
158.07079867604008
72.79094959163037
114.5625495925315
99.51148798641303
94.0072797690556
42.00705405740791
86.30857368598937
87.5520967725806
37.31385997939245
77.29135570743819
132.4670908800166
92.35353037338447
97.44203132366033
79.57528225294439
109.93425683781285
46.74204815048526
46.189206607730135
44.00729037172043
86.4431116250027
103.23729096033988
30.499466180146875
68.50322975623885
108.84142647668972
116.31160666260686
132.128709743243
188.1708111360827
213.91890749914435
179.18727684822872
216.1664545275973
95.39742300697802
47.09086520219553
171.3009988514059
79.0475599693217
43.33423549838186
52.82439338579906
153.90878510707333
82.49412148637204
82.38254185725708
174.53862089320134
123.42656442406344
96.71292713172029
127.83539462991209
132.84212685379399
85.34798614465558
99.66110240942375
103.68846346418276
71.56794228905737
127.5572809505756
45.6062314507017
45.4353675154471
65.89929883644436
51.43679452668597
123.83210637975786
164.00261674257948
23.549046123301036
149.40577664978812
51.79153881478862
149.11734653342236
34.772998979020514
120.90198884663383
138.79372096318565
80.2144701224201
105.07510729860901
105.43801748451202
107.77710207368953
63.05165984936066
17.460098791378254
101.3263603894423
32.42535487859004
203.10069979154653
120.87218227779785
82.90594311544672
71.24318022425292
200.4938444759817
93.36152551101124
156.63107161129358
57.85459594484996
125.63532059821937
166.08959984507842
58.46141076874127
185.13428897173407
50.715715920038
55.88833112468966
127.00429722155017
97.84060737387865
44.04516865844518
30.62740694302104
64.36128347154774
157.76038767999492
114.49098603348166
83.66362773450498
80.65886077979133
55.68021105943346
139.27825676472227
101.37561098292642
133.41113190096132
126.47523414781324
92.7558705891048
72.24274529867311
49.05776957928557
139.78377455449936
134.9581722670539
78.24542985175148
184.35899602352532
101.80318025381594
131.4024070858889
148.02079012885466
47.817265203613395
119.8043955726711
166.0957055918905
99.81100681226171
127.785683386633
132.21957474962778
127.32334640807119
203.9336260189242
171.1810841281743
110.39641508263911
49.39232187830456
82.35280984408416
70.08176033228011
79.7260147562215
106.80142466528426
217.51175084301758
46.08918769207592
76.56413476858545
156.36862515499618
152.17687083534014
69.26121063780006
154.33233111978709
166.67977585596776
116.75658964671443
159.2456632644728
177.9581295313693
166.17266979626925
107.56651257225074
99.61503351691631
96.94186023008776
150.70932166222627
112.09126681221873
36.19683304560931
95.52035199462668
109.45858975893326
38.30518637400151
169.98197227842314
52.94805079980369
45.16828311552712
92.51397716548621
181.0069411268249
109.8487710627668
93.06045432671043
101.36970357092345
82.05402754640743
58.06745402780315
114.19608458215204
45.940079296458826
131.6040770506604
34.74182434735181
72.08917384315924
52.81683777142306
98.17604162935929
91.02275628399772
71.01457471981077
66.66450134164586
72.23616341120365
61.116305033872464
97.96150606649284
19.01379120866366
96.42153358632801
33.79996074109152
78.88646403419186
41.34222833055207
84.85555774368348
129.88961637598467
43.470243157482976
148.30273277368462
74.85676041981847
79.85317962048205
158.7531689757897
162.25305529340147
83.50043689837591
98.3541190595519
70.27112103227248
155.50710372547076
52.156401062973295
97.88101819031029
104.88794818059412
65.67137594597791
59.986291970638675
58.038411540322365
62.58227594185994
79.8013896601418
98.07707987321649
115.1183356553421
72.70896832542367
86.33277042190966
128.08903405510083
130.80781359688174
114.8539856179466
82.44423640077713
73.8238938463256
110.49144148469256
51.596423365534804
46.593704827585356
82.59918612564816
106.5897020823126
1.9693636599370898
73.52079396448285
9.23224561959441
5.039793982345026
30.600735451105
86.96431273038255
73.12895357611809
85.98552498808657
88.62314211989107
95.75911718643512
178.39273104888306
115.2464063338639
91.68476252036807
113.92521545135286
30.034658637052605
32.98446632205137
160.35859771545145
72.64140686958433
149.10537064287587
71.49908033703366
1.353198062199424
75.32411751923057
127.60028693789782
98.93156827921779
108.45945639739257
101.38095460625851
126.67030894169334
113.9721695188961
90.69572258759499
93.98190436866568
86.86572806199175
34.62009891383246
123.54075633843009
107.4505770310244
83.47264634743046
124.12691055774792
32.667675170916496
51.995868486028336
92.04579970181014
96.01402041890955
99.99097642895896
74.17854081207513
94.09193495720682
123.82414945639631
132.49659510958102
11.359255864613779
109.40524740609192
74.22082503814397
68.2000324914225
135.03504713535102
96.47473617965561
107.79124613371566
38.96768118251419
117.55198216587657
34.253714084313
145.86622670659602
56.25029509561698
67.33075468188734
2.0056973763436576
17.62876277093104
65.05474419644311
104.88015718174347
104.03003854422158
155.17013924104208
81.90720669821941
113.86170716862898
80.92286645401938
55.823711909147875
96.882850042324
124.49396089174222
116.33279225368652
12.696907242861338
24.176955537268267
39.2518077013824
10.373000161546331
64.31163875817968
79.40599652946084
16.77467351096313
23.545142787572715
71.21821440263177
69.23368468361677
27.431743961332007
67.94051000807039
48.70654483472757
60.34912301225962
2.50599967264401
54.404296324961805
41.42124437185275
7.083369682307826
53.15177804771405
25.276443887480948
35.81861966555685
60.482872696788704
72.27371365597246
43.08937029798349
6.532661871338797
15.171046432733455
53.16068963885878
45.59306213270096
39.52094580712855
96.14053560842012
106.09947204352484
135.27911716476515
117.9651134542729
113.95952352880535
119.16526741568497
139.36427222172077
76.4909105173523
46.80303710861323
85.50367182334602
78.67662274749318
30.55300681419992
115.50506095364065
131.38854933804768
101.89049422124121
82.46533673104894
114.53109919229345
107.49797029021407
79.4450605016695
114.15215155326491
190.89615788986683
71.31891882222442
128.54959261262582
94.1821466292585
119.74756650956452
112.86942695707766
80.12460123678447
85.22734952808115
128.18386896916707
117.76251414571624
154.0571257365962
130.7168915436433
73.17655763207814
124.85601953501585
42.77074616948387
142.46743288635724
63.99812012663031
94.72005694218512
56.75634972939635
198.49158020477975
38.911340124565456
41.70064247933323
172.72531762484553
154.7900618986637
45.69986411958809
101.50152009729983
20.104680135377127
47.202770601316246
115.8270148367932
6.1185394182100765
60.131086262190344
64.08913261382375
83.68347821966064
60.12853413001271
103.38867048957074
77.04843934112594
38.34931109779798
15.86313056146597
17.08822190568697
65.24939361561616
113.43547158645288
81.31904299088801
12.024529107186838
44.455014103077744
52.55188647424179
28.308251563066086
37.26400986512035
27.686881806901955
90.61397813969737
47.98158239075032
12.098156905878042
80.10248395278512
155.99322904937
99.07956744135284
111.41548981325
95.46575496982275
128.70746899005073
166.2420374803037
68.58730290616295
128.01368539248983
96.34408901504383
123.36541487850903
11.297603556783239
14.780564615151127
126.14912210353482
23.94946451682789
78.14598957447458
135.5791391125469
27.50911552272234
13.503571436123247
37.82436617625036
38.191294619742145
1.1840735599616392
1.3554890017973988
2.468472666527141
32.461314087413044
1.7985977513566391
59.65377878960454
32.415758324928014
14.328859983031068
55.40673264082878
2.5209155944205635
73.38354146238534
13.519849666977136
1.743865998649599
47.567904471741755
1.6319147146851138
23.200295790352197
1.8354596306729665
0.9633629086310658
1.6447809039588484
1.6055905584784054
20.13232637464526
12.938558809316987
2.4040828396240306
67.08635959555664
7.896518533354647
28.737910466720074
1.8976980039919453
6.825305886580263
1.6409159439145284
1.1805644627479155
1.9853899564877782
1.7368806572843198
1.4919280998449491
18.094201644542757
1.3665614257280347
49.145918213618465
66.11888088971621
2.104514227734923
1.4451734881123155
2.2262439301504187
1.8258023971757784
22.046204932626292
0.9419261336126574
7.7988033771056475
141.9425947087141
141.85616251978274
140.88172134671774
141.7443309604002
141.80399143498164
91.19739049938649
94.6509625031952
103.63577277849456
71.72291620653908
75.8284877266006
60.062981460792074
138.59952363062965
96.1588658760311
92.69150550676825
79.8917814941961
36.64817513262319
90.68243658185699
38.72310067203171
51.46628336351836
126.03607726496904
115.21076002317386
32.16331324265223
118.5912294453363
82.95112596099153
66.2432323171414
36.87589760919732
116.22644081089979
106.71700264196893
62.790767413381076
77.76496785893313
117.55426530242384
98.61851521727496
104.58449884541817
107.20244151583304
61.66822224733296
96.15910519020571
150.74518429101667
153.34755155522885
18.639537050527974
54.770298566114754
23.983148352058095
90.08272577113593
105.8389247846174
124.11975061982615
71.38994789279865
60.12882703907549
82.74571148283486
80.2746874772833
59.48766557056424
81.15285722124604
91.00275148073034
103.74006852048194
46.34344345783963
104.12493968749074
113.46340762035267
91.63737626780173
90.09916812613339
19.643292267863732
48.91514660245151
73.09544737350208
115.02222675154546
65.3197062872562
84.42402025382506
90.52415321249713
30.901226444916297
125.51414726799686
104.05623325509379
94.33787088578276
1.9671790707335692
60.8522051942254
155.9105979129038
109.38457172590006
56.75163583640635
125.25692005587445
126.01173334901605
53.6559915005296
43.672146943299474
105.52364405410032
120.27028768274634
96.62128307482453
70.27522943234987
30.239477462248477
155.12563630293633
93.07976431219414
53.01877899307406
162.77394481385124
149.87625625147803
36.47299302110257
46.14304500349156
0.9241782347592127
38.01656011503987
50.760303125723375
68.19129731341329
75.1577308723081
56.52396568570477
158.06457055841085
26.53652801756627
90.88256354780808
48.56319449755437
168.17303932925662
147.5535496879449
68.80794363537515
80.37515597169478
65.79783207940125
58.15494708323245
123.56803056897608
120.92988905793423
14.116415934866117
47.30220535899072
124.08651248694562
107.14397989487176
45.68214343307258
54.697943853561235
28.362213301101153
41.26844307711413
72.58186889508501
54.95110342909722
50.33082915201214
67.11881456561579
77.33358597525374
66.85205269194755
28.97766686874171
30.503166544549668
23.542220924928355
20.225863285453663
59.03353277934332
125.51381049078135
105.52652072251581
70.58602749988357
118.77713100230335
11.21756795715467
99.93473640098604
66.5728030963379
154.39601990093706
74.03122123771645
53.71906457773231
98.61243768822493
206.53584218713243
60.530011049542125
179.02493545446268
161.53739252917808
117.73782579840413
190.4314449300066
106.62166259205301
45.68012972475899
178.1503322099025
92.9233390488062
140.9733766189775
76.74944550703417
180.1761682639888
14.7813066308072
171.33435545074082
180.21647429026822
135.5900733347239
150.7615814625067
153.4029440538859
98.33097079170592
55.0154332348852
91.2393766380774
40.6533854808788
49.266212446436825
95.42434142435289
141.7609800505699
126.49921397849891
178.55015883040133
130.48266954375293
127.81682793038972
158.62427913439646
157.78712713942343
77.00154108554611
96.91574077565491
53.67330145539008
6.676510146207793
35.78868476765438
130.8479405675279
121.47314534574507
114.88917017614622
103.57677803907157
125.99166967831584
147.98472992580315
217.55015530948376
69.2271935368559
95.45216589282599
185.83992238533284
157.52307879508433
96.00959985780955
122.89811527332974
135.82316184773507
46.68943794647392
50.06866730680341
121.77512563178043
166.13625775206228
199.44312143989157
88.62181486461692
159.02000027907167
136.82158760354045
205.56361349359065
57.402722083394295
103.34534245674791
146.9029926057515
135.8693558902013
65.18242224721287
180.64269037852836
135.85841113146242
185.6389407525249
100.32791321126362
154.43298544868733
142.00876634414217
84.81547059259182
118.50215923162055
91.860096335311
101.05335278378531
187.50501373452073
199.85866453464797
65.34491548982922
153.76494537624947
57.8545994112659
99.71757285012303
139.0177695527186
96.97054135976397
2.4186728409687563
100.93524289781755
65.26513014311413
152.18876578796414
109.52990760968765
106.31995072542159
50.45053741890984
142.40076817125336
190.88785271801115
78.51873702848704
31.13017601769835
197.9502565422597
156.07487646846556
131.539803229887
183.24734034065008
131.10273696626524
88.53773240914494
137.31190832892003
183.67172477105203
82.75760879376088
80.25979437327312
78.80832831400032
107.1127177495358
58.88179715614571
61.83801667998461
102.04938991961929
21.886633763911323
78.2276616969716
241.1221031391844
83.06570171449145
90.08830319257802
52.305045689811465
33.68876803439639
114.1615451181909
139.5635221183129
159.80062254867607
88.20511925906368
65.1754919578617
101.12768943688131
59.367446639873066
97.44826509037314
101.4467416620872
48.992922856145746
31.54288913535619
94.90014061593699
54.89626275440646
57.47306525684293
85.01680196505735
148.5214016905604
77.62187812387064
66.77764896463138
78.85413658650674
76.77082247715033
70.1206351296472
169.8238279707176
48.771554444311775
91.63729146024934
216.58589547795688
136.54738092434133
86.46804337747204
107.20805952362832
85.49290884231789
94.947348396242
82.81815706238842
120.23781703077026
52.61305420929483
145.7025870457114
25.039135341374212
159.69814564403902
39.36975790679331
99.86562871545402
48.31120157548137
73.32589782558036
73.94194565598592
54.89587093434087
106.5226944562229
65.18251798192479
55.33746727435157
43.037354125289504
60.77171497955844
37.37921458853508
63.13766421707293
91.31825368946707
89.1779727912386
78.10785522478224
75.8328452558885
89.06315683204514
101.74723970339289
96.1392183110273
38.46634958685569
58.43786199877976
120.93344063437051
120.93610311873469
90.21456970390783
56.90297023928382
47.36262394682553
73.25458446815185
169.92430522352146
144.46234827291275
53.560478096845586
70.41433822115464
108.95007177770616
35.666582525355146
1.9344876066271608
51.39423613949759
67.78251056808877
52.48643702745478
98.7482691439427
117.73347156373349
116.6813979026696
50.50950739514386
77.80624183536023
91.01727732112194
34.85012550441877
20.310785340396407
93.20373166080529
71.84079847893423
69.07441425870465
109.64566116929848
30.94194117740737
53.673810227540635
139.3488655811813
65.87456110866005
77.61541811887744
94.53731828441104
84.46732102999607
81.01378055043628
83.9908502785024
152.79236706377927
91.83184449256252
70.08390108940065
47.29307556944273
64.80133451912224
69.4116649719634
146.96778294609604
106.35523271350004
70.84317855877309
96.17223684731171
56.72151044914655
67.41022586379903
112.58960007581179
11.513672950095303
53.58550233107943
93.37376229435515
101.06225106034408
59.64491118421814
55.68203884536634
82.50860723358363
121.13093583499459
58.62401449062712
141.15235938941333
22.693348853506656
51.761404170080745
135.7136567871779
79.41601072199735
8.33268539895999
1.4514091745909077
2.3650786486332
33.327026254869295
95.1151695681456
54.36612573598967
60.37122604041616
91.75879769751107
32.11070981178842
77.77875481917829
6.892345576022559
59.9813566859786
32.16391109308245
14.061182482705245
12.584119450980367
59.60556342815364
2.2203705973975496
43.96041702984218
45.358402616415496
2.0818693432044846
49.118212944178225
9.743204130184324
28.205930300499777
0.7392682892667457
81.73700552924379
42.30375589046553
114.9117032852816
47.42671621343586
108.51055330996877
22.347806844793826
12.670795495602052
8.360574223366081
26.522344225331945
200.87160994437423
158.25101199650933
36.95731204059314
196.04827714310483
114.2360774479312
72.47854032220268
38.4196744113531
69.28373850760084
133.67681239820894
115.37496617427371
84.19847906460701
77.19255190120735
122.23868681435218
115.42418509351751
2.4015881232539282
77.65902496215892
85.32612042852459
